1.0,0.88,0.763,0.594,0.824,0.663,0.681,0.595,0.501,0.491,0.468,0.594,0.767,0.899,0.96,0.55,0.675,0.802,0.82,0.858,0.632,0.778,0.63,0.809,0.881,0.87,0.84,0,0.826,0.775,0.932,0.752,0.85,0.474,0.72,0.852,0.559,0.675,0.564,0.51,0.509,0.621,0.698,0.795,0.509,0.737,0.553,0.629,0.643,0.518,0.784,0.82,0.707,0.614,0.513,0.45,0.863,0.862,0.856,0.743,0.798,0.429,0.867,0.801,0.753,0.707,0.757,0.853,0.811,0.875,0.672,0.69,0.745,0.796,0.608,0.871,0.724,0.904,0.755,0.538,0.728,0.818,0.757,0.725,0.773,0.745,0.656,0.577,0.644,0.718,0.718,0.838,0.907,0.366,0.796,0.71,0.698,0.811,0.77,0.676,0.675,0.567,0.915,0.819,0.618,0.507,0.829,0.898,0.879,0.846,0.5,0.82,0.49,0.858,0.795,0.813,0.863,0.671,0.857,0.815,0.843,0.84,0.661,0.661,0.661,0.597,0.832,0.687,0.766,0.571,
0.88,1.0,0.57,0.578,0.717,0.736,0.766,0.764,0.571,0.658,0.699,0.484,0.759,0.977,0.827,0.674,0.768,0.933,0.739,0.992,0.724,0.784,0.616,0.929,0.914,0.998,0.796,0,0.836,0.796,0.942,0.629,0.59,0.612,0.678,0.936,0.667,0.772,0.747,0.698,0.641,0.783,0.888,0.888,0.598,0.94,0.774,0.85,0.858,0.72,0.722,0.805,0.912,0.673,0.541,0.464,0.99,0.989,0.983,0.747,0.478,0.614,0.954,0.834,0.805,0.911,0.892,0.998,0.95,0.943,0.777,0.624,0.904,0.808,0.781,0.919,0.878,0.991,0.667,0.696,0.823,0.991,0.902,0.708,0.887,0.885,0.849,0.613,0.497,0.709,0.709,0.892,0.939,0.519,0.837,0.745,0.748,0.905,0.67,0.543,0.667,0.543,0.95,0.849,0.529,0.689,0.882,0.995,0.872,0.98,0.689,0.919,0.484,0.994,0.6,0.97,0.957,0.761,0.983,0.989,0.997,0.996,0.733,0.847,0.651,0.687,0.952,0.844,0.955,0.793,
0.763,0.57,1.0,0.696,0.821,0.576,0.558,0.282,0.429,0.183,0.0,0.55,0.593,0.687,0.675,0.206,0.523,0.528,0.762,0.5,0.501,0.721,0.293,0.452,0.731,0.568,0.897,0,0.856,0.76,0.518,0.979,0.954,0.14,0.763,0.655,0.126,0.254,0.136,0.148,0.221,0.296,0.325,0.647,0.394,0.32,0.084,0.181,0.204,0.108,0.833,0.647,0.292,0.424,0.118,0.382,0.617,0.474,0.592,0.802,0.835,0.0,0.722,0.767,0.538,0.292,0.519,0.556,0.508,0.744,0.236,0.851,0.445,0.646,0.254,0.768,0.421,0.581,0.846,0.215,0.48,0.461,0.456,0.726,0.545,0.425,0.262,0.565,0.162,0.725,0.725,0.358,0.601,0.055,0.763,0.193,0.484,0.636,0.591,0.334,0.747,0.106,0.617,0.754,0.846,0.136,0.398,0.559,0.596,0.582,0.02,0.646,0.494,0.592,0.974,0.488,0.678,0.483,0.591,0.454,0.526,0.516,0.467,0.278,0.417,0.378,0.566,0.364,0.378,0.124,
0.594,0.578,0.696,1.0,0.754,0.819,0.886,0.676,0.768,0.685,0.42,0.751,0.861,0.703,0.603,0.586,0.815,0.602,0.892,0.545,0.834,0.721,0.564,0.59,0.672,0.607,0.832,0,0.85,0.855,0.498,0.661,0.584,0.596,0.879,0.716,0.45,0.49,0.446,0.536,0.439,0.485,0.629,0.764,0.749,0.531,0.455,0.493,0.491,0.429,0.773,0.788,0.542,0.73,0.323,0.647,0.657,0.535,0.525,0.867,0.574,0.51,0.744,0.694,0.782,0.573,0.736,0.567,0.655,0.766,0.575,0.656,0.67,0.708,0.608,0.769,0.572,0.603,0.501,0.412,0.458,0.539,0.511,0.364,0.536,0.49,0.624,0.75,0.269,0.338,0.338,0.488,0.55,0.305,0.796,0.419,0.691,0.755,0.717,0.5,0.748,0.307,0.681,0.671,0.593,0.397,0.534,0.528,0.709,0.664,0.41,0.697,0.231,0.635,0.697,0.608,0.736,0.399,0.519,0.539,0.551,0.536,0.383,0.583,0.626,0.367,0.589,0.463,0.528,0.487,
0.824,0.717,0.821,0.754,1.0,0.797,0.763,0.627,0.697,0.543,0.415,0.765,0.805,0.818,0.824,0.448,0.784,0.63,0.882,0.704,0.751,0.923,0.516,0.646,0.77,0.722,0.908,0,0.867,0.88,0.711,0.778,0.797,0.422,0.783,0.806,0.498,0.566,0.491,0.547,0.468,0.539,0.633,0.812,0.683,0.604,0.493,0.531,0.539,0.443,0.821,0.861,0.602,0.714,0.416,0.596,0.762,0.68,0.668,0.879,0.727,0.365,0.831,0.783,0.832,0.583,0.767,0.694,0.777,0.835,0.539,0.656,0.766,0.759,0.5,0.849,0.641,0.743,0.643,0.444,0.577,0.654,0.734,0.529,0.647,0.593,0.541,0.725,0.473,0.525,0.525,0.654,0.837,0.316,0.846,0.576,0.535,0.828,0.891,0.698,0.896,0.556,0.819,0.923,0.853,0.428,0.748,0.697,0.832,0.741,0.431,0.777,0.358,0.743,0.796,0.646,0.817,0.521,0.668,0.652,0.674,0.665,0.51,0.543,0.61,0.468,0.7,0.553,0.621,0.505,
0.663,0.736,0.576,0.819,0.797,1.0,0.934,0.917,0.97,0.86,0.753,0.895,0.908,0.841,0.723,0.584,0.838,0.623,0.893,0.712,0.979,0.794,0.635,0.739,0.732,0.756,0.864,0,0.84,0.966,0.671,0.538,0.474,0.623,0.754,0.866,0.645,0.725,0.73,0.832,0.646,0.699,0.853,0.919,0.97,0.781,0.773,0.784,0.776,0.697,0.79,0.96,0.812,0.948,0.548,0.807,0.811,0.733,0.63,0.945,0.402,0.661,0.867,0.743,0.96,0.769,0.953,0.721,0.859,0.855,0.684,0.425,0.905,0.824,0.657,0.868,0.774,0.768,0.391,0.594,0.572,0.733,0.642,0.239,0.657,0.649,0.724,0.881,0.482,0.24,0.24,0.731,0.683,0.519,0.889,0.699,0.465,0.748,0.878,0.706,0.79,0.55,0.86,0.724,0.486,0.643,0.688,0.678,0.901,0.804,0.735,0.834,0.164,0.796,0.521,0.691,0.88,0.47,0.631,0.737,0.708,0.699,0.455,0.711,0.577,0.469,0.727,0.645,0.755,0.8,
0.681,0.766,0.558,0.886,0.763,0.934,1.0,0.873,0.882,0.907,0.731,0.802,0.972,0.847,0.72,0.588,0.809,0.664,0.931,0.746,0.915,0.775,0.618,0.794,0.748,0.782,0.832,0,0.82,0.916,0.701,0.539,0.477,0.61,0.723,0.86,0.635,0.718,0.72,0.794,0.633,0.701,0.844,0.895,0.887,0.794,0.76,0.782,0.777,0.689,0.76,0.911,0.815,0.881,0.534,0.731,0.826,0.762,0.679,0.891,0.397,0.642,0.864,0.743,0.913,0.78,0.923,0.755,0.858,0.853,0.685,0.448,0.887,0.804,0.667,0.859,0.777,0.79,0.428,0.619,0.604,0.764,0.674,0.313,0.684,0.677,0.864,0.816,0.468,0.314,0.314,0.742,0.711,0.51,0.861,0.691,0.628,0.852,0.819,0.658,0.751,0.534,0.856,0.73,0.48,0.64,0.756,0.718,0.874,0.84,0.714,0.831,0.215,0.814,0.519,0.802,0.875,0.511,0.68,0.767,0.745,0.737,0.493,0.819,0.649,0.497,0.751,0.667,0.776,0.785,
0.595,0.764,0.282,0.676,0.627,0.917,0.873,1.0,0.902,0.942,0.94,0.773,0.849,0.802,0.685,0.766,0.855,0.691,0.752,0.776,0.951,0.671,0.722,0.794,0.657,0.787,0.667,0,0.69,0.822,0.732,0.265,0.234,0.81,0.649,0.825,0.812,0.844,0.876,0.945,0.72,0.78,0.963,0.858,0.928,0.9,0.945,0.938,0.92,0.848,0.595,0.888,0.931,0.919,0.666,0.738,0.805,0.807,0.647,0.764,0.23,0.882,0.796,0.619,0.943,0.915,0.951,0.751,0.888,0.779,0.864,0.259,0.944,0.742,0.826,0.764,0.823,0.789,0.195,0.689,0.59,0.804,0.701,0.135,0.659,0.713,0.841,0.769,0.602,0.124,0.124,0.845,0.694,0.635,0.759,0.85,0.533,0.715,0.806,0.738,0.617,0.687,0.856,0.615,0.239,0.77,0.778,0.718,0.885,0.811,0.918,0.789,0.085,0.804,0.28,0.746,0.83,0.47,0.646,0.811,0.755,0.749,0.457,0.82,0.624,0.496,0.742,0.717,0.852,0.958,
0.501,0.571,0.429,0.768,0.697,0.97,0.882,0.902,1.0,0.874,0.756,0.927,0.857,0.692,0.611,0.524,0.765,0.45,0.821,0.554,0.958,0.676,0.595,0.609,0.561,0.595,0.739,0,0.7,0.885,0.529,0.362,0.315,0.599,0.653,0.738,0.621,0.674,0.697,0.833,0.606,0.621,0.783,0.816,0.998,0.678,0.748,0.728,0.712,0.664,0.672,0.902,0.729,0.946,0.541,0.832,0.658,0.587,0.436,0.865,0.281,0.664,0.721,0.592,0.915,0.676,0.877,0.552,0.746,0.707,0.624,0.236,0.825,0.719,0.575,0.726,0.67,0.614,0.183,0.525,0.425,0.583,0.493,0.0,0.503,0.513,0.641,0.855,0.484,0.0,0.0,0.641,0.525,0.503,0.775,0.669,0.313,0.598,0.854,0.721,0.699,0.553,0.742,0.568,0.339,0.6,0.58,0.504,0.822,0.656,0.738,0.701,0.0,0.642,0.359,0.532,0.744,0.312,0.438,0.589,0.541,0.531,0.304,0.621,0.499,0.347,0.571,0.527,0.633,0.771,
0.491,0.658,0.183,0.685,0.543,0.86,0.907,0.942,0.874,1.0,0.915,0.748,0.882,0.697,0.602,0.635,0.731,0.544,0.754,0.67,0.877,0.581,0.634,0.735,0.54,0.677,0.568,0,0.565,0.741,0.64,0.154,0.134,0.694,0.504,0.728,0.751,0.787,0.834,0.914,0.676,0.717,0.881,0.771,0.899,0.821,0.906,0.881,0.862,0.804,0.503,0.821,0.862,0.879,0.643,0.715,0.7,0.711,0.528,0.683,0.12,0.804,0.691,0.515,0.87,0.818,0.876,0.643,0.8,0.665,0.755,0.101,0.871,0.658,0.696,0.66,0.745,0.687,0.078,0.651,0.499,0.706,0.597,0.0,0.561,0.621,0.889,0.718,0.586,0.0,0.0,0.775,0.592,0.609,0.666,0.81,0.487,0.687,0.757,0.717,0.538,0.669,0.766,0.51,0.145,0.727,0.746,0.61,0.81,0.728,0.894,0.692,0.0,0.699,0.153,0.71,0.729,0.377,0.53,0.714,0.647,0.643,0.369,0.836,0.59,0.421,0.637,0.638,0.766,0.915,
0.468,0.699,0.0,0.42,0.415,0.753,0.731,0.94,0.756,0.915,1.0,0.595,0.71,0.678,0.575,0.694,0.682,0.595,0.554,0.733,0.79,0.494,0.642,0.75,0.508,0.713,0.427,0,0.451,0.614,0.699,0.0,0.0,0.741,0.381,0.698,0.821,0.842,0.906,0.943,0.705,0.762,0.923,0.713,0.8,0.897,0.99,0.962,0.942,0.879,0.365,0.735,0.93,0.802,0.696,0.608,0.707,0.777,0.577,0.531,0.0,0.878,0.647,0.444,0.81,0.894,0.847,0.688,0.813,0.614,0.825,0.0,0.875,0.592,0.761,0.591,0.774,0.717,0.0,0.694,0.536,0.772,0.652,0.0,0.584,0.678,0.847,0.597,0.64,0.0,0.0,0.847,0.621,0.665,0.567,0.885,0.414,0.593,0.663,0.69,0.405,0.731,0.758,0.452,0.0,0.794,0.768,0.667,0.776,0.724,0.977,0.663,0.0,0.718,0.0,0.704,0.695,0.412,0.579,0.78,0.702,0.702,0.403,0.822,0.529,0.46,0.663,0.697,0.837,0.99,
0.594,0.484,0.55,0.751,0.765,0.895,0.802,0.773,0.927,0.748,0.595,1.0,0.859,0.628,0.73,0.442,0.684,0.354,0.872,0.458,0.872,0.631,0.559,0.493,0.5,0.501,0.748,0,0.668,0.847,0.545,0.427,0.507,0.504,0.664,0.667,0.559,0.619,0.572,0.695,0.51,0.504,0.644,0.733,0.913,0.533,0.589,0.573,0.56,0.523,0.658,0.909,0.583,0.864,0.544,0.79,0.558,0.503,0.343,0.832,0.529,0.522,0.644,0.55,0.869,0.532,0.767,0.445,0.63,0.636,0.564,0.263,0.702,0.654,0.453,0.663,0.556,0.543,0.203,0.413,0.35,0.459,0.388,0.007,0.416,0.414,0.504,0.805,0.641,0.0,0.0,0.626,0.512,0.396,0.723,0.675,0.282,0.52,0.932,0.848,0.679,0.605,0.722,0.532,0.378,0.473,0.563,0.441,0.834,0.552,0.613,0.617,0.0,0.537,0.487,0.419,0.657,0.245,0.344,0.464,0.429,0.418,0.253,0.489,0.518,0.284,0.481,0.414,0.498,0.614,
0.767,0.759,0.593,0.861,0.805,0.908,0.972,0.849,0.857,0.882,0.71,0.859,1.0,0.84,0.833,0.592,0.786,0.645,0.971,0.741,0.89,0.754,0.639,0.771,0.727,0.77,0.831,0,0.798,0.899,0.771,0.541,0.572,0.606,0.725,0.848,0.666,0.75,0.713,0.771,0.621,0.681,0.819,0.87,0.862,0.771,0.738,0.759,0.754,0.669,0.74,0.944,0.792,0.863,0.597,0.72,0.803,0.769,0.659,0.866,0.537,0.623,0.839,0.722,0.923,0.757,0.897,0.733,0.834,0.829,0.717,0.436,0.862,0.781,0.647,0.835,0.755,0.793,0.417,0.601,0.594,0.742,0.655,0.31,0.664,0.665,0.839,0.794,0.635,0.306,0.306,0.805,0.747,0.495,0.837,0.773,0.634,0.828,0.897,0.788,0.731,0.637,0.889,0.717,0.468,0.621,0.808,0.728,0.926,0.816,0.715,0.808,0.209,0.791,0.566,0.779,0.851,0.496,0.66,0.745,0.723,0.716,0.488,0.795,0.695,0.49,0.736,0.648,0.754,0.762,
0.899,0.977,0.687,0.703,0.818,0.841,0.847,0.802,0.692,0.697,0.678,0.628,0.84,1.0,0.86,0.652,0.822,0.898,0.845,0.956,0.817,0.853,0.632,0.909,0.936,0.98,0.902,0,0.92,0.904,0.911,0.72,0.672,0.605,0.771,0.971,0.648,0.761,0.728,0.715,0.644,0.771,0.885,0.946,0.707,0.908,0.749,0.822,0.829,0.697,0.822,0.892,0.89,0.761,0.533,0.571,0.993,0.954,0.945,0.87,0.556,0.595,0.994,0.885,0.878,0.879,0.938,0.971,0.959,0.987,0.753,0.674,0.925,0.866,0.754,0.975,0.875,0.979,0.697,0.672,0.799,0.954,0.868,0.677,0.874,0.853,0.819,0.724,0.49,0.678,0.678,0.865,0.925,0.503,0.918,0.726,0.721,0.919,0.767,0.598,0.77,0.532,0.973,0.89,0.616,0.666,0.854,0.959,0.921,0.98,0.669,0.95,0.463,0.989,0.693,0.934,0.992,0.731,0.945,0.953,0.963,0.959,0.705,0.818,0.663,0.662,0.939,0.813,0.921,0.775,
0.96,0.827,0.675,0.603,0.824,0.723,0.72,0.685,0.611,0.602,0.575,0.73,0.833,0.86,1.0,0.585,0.692,0.724,0.859,0.81,0.703,0.71,0.614,0.744,0.764,0.82,0.8,0,0.765,0.785,0.936,0.622,0.781,0.54,0.694,0.831,0.651,0.749,0.639,0.612,0.554,0.638,0.739,0.791,0.621,0.747,0.63,0.684,0.689,0.584,0.688,0.886,0.737,0.672,0.621,0.524,0.814,0.84,0.759,0.739,0.781,0.505,0.821,0.728,0.823,0.725,0.788,0.788,0.793,0.814,0.736,0.54,0.774,0.722,0.621,0.807,0.723,0.854,0.553,0.554,0.661,0.777,0.704,0.533,0.71,0.709,0.677,0.624,0.805,0.523,0.523,0.897,0.874,0.423,0.768,0.831,0.631,0.753,0.877,0.84,0.649,0.707,0.931,0.746,0.504,0.555,0.86,0.842,0.939,0.803,0.616,0.785,0.357,0.809,0.699,0.757,0.821,0.586,0.76,0.776,0.78,0.776,0.585,0.674,0.688,0.55,0.779,0.664,0.755,0.652,
0.55,0.674,0.206,0.586,0.448,0.584,0.588,0.766,0.524,0.635,0.694,0.442,0.592,0.652,0.585,1.0,0.869,0.827,0.516,0.71,0.722,0.492,0.75,0.667,0.58,0.707,0.469,0,0.601,0.547,0.675,0.221,0.234,0.987,0.749,0.644,0.762,0.703,0.673,0.664,0.543,0.619,0.813,0.627,0.555,0.746,0.717,0.742,0.726,0.668,0.41,0.62,0.74,0.587,0.524,0.425,0.667,0.71,0.625,0.489,0.385,0.912,0.623,0.49,0.71,0.855,0.689,0.665,0.699,0.646,0.96,0.479,0.708,0.545,0.982,0.585,0.657,0.681,0.237,0.558,0.537,0.7,0.667,0.319,0.578,0.643,0.681,0.471,0.512,0.259,0.259,0.72,0.629,0.481,0.542,0.689,0.811,0.625,0.551,0.535,0.407,0.551,0.689,0.502,0.181,0.6,0.679,0.664,0.671,0.672,0.686,0.619,0.177,0.674,0.348,0.663,0.646,0.458,0.613,0.703,0.681,0.672,0.447,0.67,0.692,0.454,0.655,0.614,0.716,0.723,
0.675,0.768,0.523,0.815,0.784,0.838,0.809,0.855,0.765,0.731,0.682,0.684,0.786,0.822,0.692,0.869,1.0,0.831,0.768,0.784,0.905,0.816,0.738,0.748,0.757,0.799,0.773,0,0.849,0.836,0.704,0.523,0.464,0.867,0.898,0.823,0.724,0.71,0.687,0.744,0.597,0.676,0.862,0.84,0.775,0.784,0.731,0.757,0.748,0.669,0.706,0.831,0.787,0.794,0.5,0.632,0.81,0.762,0.709,0.808,0.501,0.802,0.83,0.717,0.898,0.849,0.862,0.76,0.856,0.848,0.863,0.631,0.869,0.756,0.895,0.819,0.752,0.783,0.451,0.585,0.613,0.765,0.795,0.414,0.685,0.693,0.714,0.726,0.437,0.376,0.376,0.724,0.776,0.482,0.804,0.666,0.757,0.827,0.78,0.624,0.76,0.567,0.821,0.797,0.568,0.612,0.757,0.731,0.818,0.803,0.666,0.8,0.257,0.803,0.584,0.733,0.84,0.532,0.701,0.767,0.759,0.747,0.513,0.705,0.716,0.506,0.759,0.664,0.767,0.741,
0.802,0.933,0.528,0.602,0.63,0.623,0.664,0.691,0.45,0.544,0.595,0.354,0.645,0.898,0.724,0.827,0.831,1.0,0.632,0.936,0.673,0.715,0.652,0.858,0.874,0.944,0.718,0,0.824,0.698,0.856,0.605,0.544,0.751,0.781,0.852,0.644,0.69,0.651,0.588,0.563,0.706,0.834,0.796,0.476,0.861,0.673,0.759,0.766,0.641,0.657,0.685,0.82,0.556,0.447,0.362,0.918,0.913,0.945,0.656,0.512,0.676,0.877,0.777,0.719,0.892,0.788,0.937,0.863,0.89,0.835,0.75,0.804,0.73,0.893,0.843,0.798,0.916,0.667,0.629,0.776,0.923,0.873,0.756,0.833,0.835,0.767,0.516,0.381,0.729,0.729,0.788,0.867,0.452,0.755,0.627,0.889,0.862,0.543,0.41,0.596,0.435,0.849,0.792,0.509,0.609,0.791,0.932,0.755,0.907,0.581,0.842,0.498,0.923,0.627,0.91,0.875,0.731,0.939,0.92,0.942,0.937,0.701,0.769,0.681,0.648,0.897,0.781,0.878,0.691,
0.82,0.739,0.762,0.892,0.882,0.893,0.931,0.752,0.821,0.754,0.554,0.872,0.971,0.845,0.859,0.516,0.768,0.632,1.0,0.703,0.856,0.797,0.589,0.716,0.764,0.747,0.916,0,0.87,0.934,0.744,0.703,0.733,0.514,0.795,0.846,0.56,0.661,0.594,0.652,0.548,0.608,0.728,0.867,0.812,0.68,0.597,0.637,0.639,0.549,0.823,0.944,0.692,0.815,0.512,0.697,0.79,0.72,0.658,0.922,0.681,0.487,0.856,0.778,0.891,0.662,0.853,0.711,0.789,0.854,0.627,0.573,0.799,0.797,0.567,0.869,0.701,0.773,0.55,0.522,0.583,0.691,0.622,0.418,0.658,0.623,0.72,0.801,0.569,0.414,0.414,0.732,0.746,0.401,0.877,0.67,0.618,0.818,0.902,0.746,0.795,0.545,0.873,0.769,0.608,0.518,0.742,0.71,0.908,0.791,0.568,0.81,0.283,0.772,0.729,0.727,0.853,0.504,0.659,0.692,0.693,0.684,0.496,0.689,0.667,0.476,0.721,0.595,0.68,0.628,
0.858,0.992,0.5,0.545,0.704,0.712,0.746,0.776,0.554,0.67,0.733,0.458,0.741,0.956,0.81,0.71,0.784,0.936,0.703,1.0,0.714,0.789,0.651,0.939,0.895,0.992,0.746,0,0.795,0.758,0.943,0.562,0.531,0.65,0.652,0.916,0.707,0.79,0.772,0.722,0.65,0.791,0.902,0.865,0.586,0.954,0.809,0.873,0.879,0.745,0.684,0.783,0.927,0.674,0.562,0.453,0.975,0.992,0.971,0.702,0.439,0.664,0.927,0.797,0.804,0.932,0.882,0.99,0.959,0.917,0.81,0.582,0.914,0.796,0.811,0.889,0.878,0.986,0.624,0.707,0.817,0.992,0.931,0.673,0.875,0.887,0.863,0.585,0.52,0.671,0.671,0.906,0.953,0.539,0.8,0.774,0.756,0.907,0.668,0.561,0.65,0.594,0.938,0.847,0.508,0.708,0.913,0.989,0.86,0.969,0.722,0.898,0.458,0.982,0.542,0.968,0.936,0.749,0.971,0.991,0.992,0.992,0.722,0.86,0.665,0.683,0.942,0.848,0.963,0.819,
0.632,0.724,0.501,0.834,0.751,0.979,0.915,0.951,0.958,0.877,0.79,0.872,0.89,0.817,0.703,0.722,0.905,0.673,0.856,0.714,1.0,0.756,0.705,0.736,0.706,0.752,0.81,0,0.821,0.928,0.668,0.465,0.409,0.764,0.804,0.843,0.711,0.753,0.756,0.854,0.656,0.707,0.888,0.895,0.963,0.796,0.804,0.811,0.798,0.728,0.738,0.938,0.827,0.94,0.571,0.794,0.793,0.732,0.616,0.899,0.398,0.779,0.836,0.702,0.966,0.82,0.943,0.709,0.853,0.834,0.786,0.435,0.903,0.795,0.771,0.832,0.772,0.756,0.33,0.605,0.56,0.732,0.651,0.208,0.641,0.652,0.739,0.854,0.506,0.192,0.192,0.744,0.669,0.54,0.85,0.726,0.548,0.735,0.86,0.713,0.745,0.577,0.846,0.685,0.42,0.663,0.694,0.668,0.888,0.789,0.772,0.81,0.131,0.781,0.486,0.685,0.855,0.453,0.614,0.736,0.702,0.691,0.44,0.723,0.628,0.462,0.718,0.647,0.762,0.828,
0.778,0.784,0.721,0.721,0.923,0.794,0.775,0.671,0.676,0.581,0.494,0.631,0.754,0.853,0.71,0.492,0.816,0.715,0.797,0.789,0.756,1.0,0.656,0.802,0.885,0.792,0.872,0,0.871,0.864,0.694,0.735,0.653,0.464,0.747,0.838,0.515,0.577,0.553,0.602,0.513,0.608,0.707,0.843,0.672,0.698,0.592,0.619,0.628,0.52,0.895,0.804,0.69,0.777,0.38,0.603,0.83,0.74,0.756,0.858,0.532,0.469,0.873,0.806,0.815,0.674,0.81,0.78,0.871,0.888,0.559,0.656,0.828,0.891,0.579,0.907,0.71,0.818,0.726,0.514,0.655,0.748,0.826,0.575,0.717,0.668,0.627,0.707,0.316,0.577,0.577,0.643,0.853,0.373,0.856,0.535,0.573,0.887,0.777,0.548,0.887,0.484,0.809,0.954,0.836,0.501,0.754,0.753,0.781,0.812,0.483,0.823,0.394,0.817,0.699,0.737,0.878,0.588,0.757,0.747,0.765,0.758,0.564,0.628,0.58,0.523,0.767,0.634,0.715,0.586,
0.63,0.616,0.293,0.564,0.516,0.635,0.618,0.722,0.595,0.634,0.642,0.559,0.639,0.632,0.614,0.75,0.738,0.652,0.589,0.651,0.705,0.656,1.0,0.802,0.719,0.637,0.526,0,0.581,0.601,0.635,0.274,0.308,0.753,0.642,0.634,0.662,0.655,0.626,0.644,0.516,0.572,0.729,0.634,0.614,0.672,0.694,0.675,0.663,0.606,0.684,0.672,0.679,0.793,0.515,0.594,0.626,0.645,0.545,0.555,0.39,0.816,0.613,0.495,0.713,0.727,0.685,0.599,0.725,0.658,0.779,0.373,0.684,0.833,0.755,0.662,0.614,0.701,0.41,0.507,0.519,0.626,0.576,0.239,0.528,0.57,0.618,0.532,0.536,0.205,0.205,0.683,0.592,0.443,0.57,0.668,0.6,0.578,0.628,0.597,0.461,0.551,0.682,0.5,0.23,0.549,0.638,0.6,0.694,0.627,0.643,0.603,0.14,0.626,0.359,0.59,0.67,0.401,0.539,0.629,0.605,0.597,0.395,0.607,0.594,0.405,0.596,0.551,0.645,0.67,
0.809,0.929,0.452,0.59,0.646,0.739,0.794,0.794,0.609,0.735,0.75,0.493,0.771,0.909,0.744,0.667,0.748,0.858,0.716,0.939,0.736,0.802,0.802,1.0,0.923,0.932,0.72,0,0.76,0.759,0.866,0.505,0.453,0.628,0.616,0.882,0.679,0.767,0.767,0.74,0.647,0.772,0.887,0.85,0.638,0.922,0.826,0.863,0.865,0.743,0.773,0.777,0.907,0.783,0.549,0.546,0.928,0.932,0.895,0.707,0.354,0.706,0.889,0.755,0.796,0.898,0.879,0.929,0.949,0.895,0.767,0.502,0.892,0.91,0.769,0.89,0.851,0.959,0.629,0.694,0.778,0.938,0.845,0.563,0.821,0.835,0.881,0.612,0.48,0.566,0.566,0.855,0.857,0.542,0.783,0.742,0.71,0.868,0.647,0.537,0.618,0.548,0.894,0.767,0.428,0.702,0.85,0.915,0.832,0.93,0.732,0.864,0.386,0.932,0.472,0.933,0.921,0.686,0.895,0.939,0.93,0.929,0.66,0.864,0.632,0.635,0.887,0.807,0.923,0.823,
0.881,0.914,0.731,0.672,0.77,0.732,0.748,0.657,0.561,0.54,0.508,0.5,0.727,0.936,0.764,0.58,0.757,0.874,0.764,0.895,0.706,0.885,0.719,0.923,1.0,0.916,0.875,0,0.907,0.834,0.816,0.784,0.7,0.515,0.766,0.898,0.512,0.624,0.582,0.557,0.538,0.67,0.762,0.866,0.569,0.793,0.607,0.68,0.693,0.561,0.917,0.776,0.762,0.71,0.394,0.512,0.93,0.866,0.917,0.817,0.569,0.51,0.94,0.868,0.755,0.77,0.825,0.915,0.894,0.961,0.639,0.762,0.808,0.941,0.679,0.965,0.782,0.938,0.859,0.579,0.776,0.877,0.814,0.764,0.831,0.786,0.706,0.639,0.325,0.763,0.763,0.727,0.859,0.396,0.869,0.555,0.72,0.878,0.638,0.433,0.74,0.371,0.872,0.871,0.674,0.547,0.739,0.898,0.798,0.911,0.496,0.888,0.521,0.924,0.747,0.872,0.945,0.718,0.916,0.874,0.904,0.9,0.687,0.71,0.597,0.625,0.883,0.737,0.823,0.619,
0.87,0.998,0.568,0.607,0.722,0.756,0.782,0.787,0.595,0.677,0.713,0.501,0.77,0.98,0.82,0.707,0.799,0.944,0.747,0.992,0.752,0.792,0.637,0.932,0.916,1.0,0.804,0,0.85,0.811,0.934,0.626,0.578,0.649,0.707,0.942,0.682,0.779,0.756,0.714,0.65,0.789,0.904,0.898,0.622,0.946,0.786,0.86,0.867,0.731,0.73,0.816,0.92,0.693,0.544,0.484,0.993,0.987,0.978,0.762,0.476,0.646,0.96,0.837,0.823,0.925,0.905,0.997,0.957,0.951,0.799,0.635,0.915,0.816,0.809,0.925,0.884,0.99,0.658,0.7,0.821,0.991,0.904,0.695,0.886,0.886,0.855,0.631,0.489,0.693,0.693,0.89,0.934,0.527,0.847,0.746,0.764,0.91,0.679,0.545,0.678,0.543,0.952,0.85,0.529,0.697,0.878,0.99,0.877,0.984,0.701,0.925,0.473,0.996,0.602,0.969,0.963,0.756,0.978,0.99,0.996,0.994,0.728,0.852,0.663,0.685,0.953,0.845,0.958,0.806,
0.84,0.796,0.897,0.832,0.908,0.864,0.832,0.667,0.739,0.568,0.427,0.748,0.831,0.902,0.8,0.469,0.773,0.718,0.916,0.746,0.81,0.872,0.526,0.72,0.875,0.804,1.0,0,0.977,0.965,0.717,0.886,0.823,0.437,0.857,0.887,0.441,0.565,0.502,0.544,0.499,0.59,0.687,0.898,0.723,0.664,0.496,0.569,0.581,0.47,0.924,0.89,0.656,0.744,0.37,0.625,0.855,0.736,0.766,0.974,0.698,0.375,0.931,0.886,0.832,0.638,0.839,0.785,0.805,0.938,0.539,0.769,0.779,0.845,0.548,0.952,0.708,0.812,0.76,0.485,0.649,0.734,0.678,0.636,0.733,0.659,0.591,0.788,0.343,0.636,0.636,0.642,0.775,0.333,0.944,0.505,0.592,0.825,0.794,0.546,0.865,0.357,0.857,0.872,0.774,0.458,0.647,0.763,0.845,0.83,0.426,0.868,0.434,0.835,0.864,0.729,0.912,0.6,0.766,0.731,0.762,0.753,0.578,0.595,0.575,0.525,0.784,0.617,0.689,0.534,
0,0,0,0,0,0,0,0,0,0,0,0,0,0,0,0,0,0,0,0,0,0,0,0,0,0,0,0,0,0,0,0,0,0,0,0,0,0,0,0,0,0,0,0,0,0,0,0,0,0,0,0,0,0,0,0,0,0,0,0,0,0,0,0,0,0,0,0,0,0,0,0,0,0,0,0,0,0,0,0,0,0,0,0,0,0,0,0,0,0,0,0,0,0,0,0,0,0,0,0,0,0,0,0,0,0,0,0,0,0,0,0,0,0,0,0,0,0,0,0,0,0,0,0,0,0,0,0,0,0,
0.826,0.836,0.856,0.85,0.867,0.84,0.82,0.69,0.7,0.565,0.451,0.668,0.798,0.92,0.765,0.601,0.849,0.824,0.87,0.795,0.821,0.871,0.581,0.76,0.907,0.85,0.977,0,1.0,0.941,0.729,0.872,0.775,0.559,0.92,0.9,0.483,0.581,0.524,0.552,0.513,0.618,0.735,0.903,0.689,0.709,0.525,0.607,0.617,0.503,0.908,0.854,0.692,0.72,0.357,0.586,0.889,0.773,0.822,0.946,0.675,0.472,0.948,0.896,0.826,0.711,0.846,0.832,0.832,0.964,0.627,0.843,0.797,0.848,0.674,0.961,0.738,0.842,0.779,0.516,0.687,0.783,0.737,0.696,0.771,0.706,0.629,0.758,0.289,0.685,0.685,0.648,0.794,0.352,0.938,0.493,0.711,0.862,0.733,0.478,0.845,0.329,0.857,0.884,0.762,0.487,0.66,0.803,0.822,0.865,0.44,0.887,0.467,0.872,0.861,0.779,0.93,0.642,0.819,0.78,0.815,0.804,0.615,0.633,0.619,0.558,0.825,0.658,0.734,0.561,
0.775,0.796,0.76,0.855,0.88,0.966,0.916,0.822,0.885,0.741,0.614,0.847,0.899,0.904,0.785,0.547,0.836,0.698,0.934,0.758,0.928,0.864,0.601,0.759,0.834,0.811,0.965,0,0.941,1.0,0.718,0.737,0.666,0.551,0.833,0.909,0.563,0.669,0.641,0.715,0.595,0.67,0.801,0.943,0.877,0.752,0.661,0.705,0.707,0.608,0.888,0.956,0.764,0.877,0.474,0.741,0.866,0.763,0.726,0.994,0.562,0.539,0.933,0.845,0.928,0.732,0.93,0.783,0.865,0.931,0.634,0.618,0.875,0.866,0.627,0.944,0.77,0.82,0.596,0.561,0.635,0.764,0.687,0.454,0.723,0.681,0.685,0.864,0.421,0.456,0.456,0.711,0.756,0.443,0.95,0.622,0.549,0.817,0.862,0.643,0.857,0.467,0.889,0.828,0.652,0.573,0.691,0.748,0.903,0.849,0.603,0.884,0.311,0.848,0.714,0.739,0.93,0.557,0.727,0.764,0.765,0.756,0.537,0.68,0.595,0.517,0.785,0.657,0.752,0.694,
0.932,0.942,0.518,0.498,0.711,0.671,0.701,0.732,0.529,0.64,0.699,0.545,0.771,0.911,0.936,0.675,0.704,0.856,0.744,0.943,0.668,0.694,0.635,0.866,0.816,0.934,0.717,0,0.729,0.718,1.0,0.528,0.627,0.614,0.616,0.87,0.722,0.815,0.748,0.682,0.622,0.742,0.845,0.807,0.559,0.894,0.762,0.824,0.829,0.704,0.619,0.816,0.871,0.636,0.642,0.44,0.906,0.963,0.897,0.653,0.594,0.614,0.86,0.735,0.794,0.868,0.828,0.918,0.882,0.846,0.819,0.512,0.847,0.727,0.744,0.82,0.821,0.948,0.553,0.664,0.765,0.924,0.836,0.61,0.811,0.834,0.811,0.55,0.742,0.604,0.604,0.966,0.938,0.511,0.742,0.87,0.714,0.819,0.751,0.725,0.577,0.704,0.954,0.761,0.422,0.669,0.934,0.959,0.911,0.901,0.72,0.834,0.412,0.912,0.566,0.899,0.868,0.69,0.897,0.923,0.921,0.921,0.679,0.807,0.691,0.643,0.882,0.791,0.9,0.776,
0.752,0.629,0.979,0.661,0.778,0.538,0.539,0.265,0.362,0.154,0.0,0.427,0.541,0.72,0.622,0.221,0.523,0.605,0.703,0.562,0.465,0.735,0.274,0.505,0.784,0.626,0.886,0,0.872,0.737,0.528,1.0,0.918,0.138,0.748,0.677,0.108,0.241,0.142,0.133,0.226,0.326,0.346,0.658,0.332,0.367,0.096,0.207,0.234,0.123,0.834,0.592,0.327,0.379,0.073,0.318,0.67,0.522,0.678,0.778,0.761,0.0,0.757,0.8,0.499,0.334,0.523,0.628,0.542,0.779,0.233,0.903,0.46,0.658,0.291,0.795,0.457,0.625,0.914,0.246,0.539,0.528,0.522,0.828,0.606,0.481,0.3,0.525,0.053,0.83,0.83,0.348,0.63,0.063,0.769,0.145,0.536,0.683,0.496,0.212,0.736,0.035,0.613,0.789,0.867,0.156,0.402,0.618,0.555,0.634,0.007,0.679,0.567,0.648,0.963,0.559,0.711,0.553,0.677,0.52,0.599,0.591,0.528,0.319,0.4,0.428,0.623,0.417,0.433,0.136,
0.85,0.59,0.954,0.584,0.797,0.474,0.477,0.234,0.315,0.134,0.0,0.507,0.572,0.672,0.781,0.234,0.464,0.544,0.733,0.531,0.409,0.653,0.308,0.453,0.7,0.578,0.823,0,0.775,0.666,0.627,0.918,1.0,0.147,0.7,0.625,0.18,0.305,0.15,0.117,0.213,0.292,0.309,0.585,0.289,0.33,0.086,0.186,0.21,0.111,0.741,0.624,0.293,0.342,0.199,0.292,0.599,0.517,0.609,0.689,0.932,0.0,0.675,0.713,0.501,0.3,0.464,0.563,0.484,0.695,0.296,0.806,0.41,0.585,0.262,0.708,0.409,0.603,0.817,0.221,0.496,0.475,0.469,0.753,0.543,0.445,0.27,0.462,0.353,0.746,0.746,0.456,0.661,0.057,0.683,0.304,0.523,0.611,0.608,0.438,0.653,0.231,0.644,0.717,0.771,0.14,0.486,0.608,0.623,0.567,0.044,0.606,0.509,0.58,0.96,0.503,0.634,0.497,0.608,0.467,0.539,0.531,0.49,0.287,0.466,0.397,0.569,0.375,0.389,0.121,
0.474,0.612,0.14,0.596,0.422,0.623,0.61,0.81,0.599,0.694,0.741,0.504,0.606,0.605,0.54,0.987,0.867,0.751,0.514,0.65,0.764,0.464,0.753,0.628,0.515,0.649,0.437,0,0.559,0.551,0.614,0.138,0.147,1.0,0.721,0.612,0.776,0.707,0.694,0.714,0.555,0.611,0.817,0.616,0.628,0.728,0.747,0.753,0.732,0.689,0.38,0.632,0.736,0.64,0.542,0.486,0.618,0.658,0.54,0.492,0.31,0.948,0.582,0.438,0.732,0.84,0.697,0.601,0.678,0.602,0.951,0.38,0.711,0.526,0.964,0.546,0.637,0.626,0.128,0.55,0.477,0.649,0.611,0.18,0.519,0.594,0.672,0.506,0.52,0.122,0.122,0.696,0.563,0.502,0.521,0.699,0.734,0.574,0.573,0.567,0.395,0.571,0.658,0.444,0.116,0.611,0.643,0.591,0.665,0.626,0.729,0.584,0.083,0.624,0.265,0.604,0.612,0.386,0.528,0.654,0.618,0.607,0.378,0.656,0.665,0.405,0.599,0.577,0.684,0.752,
0.72,0.678,0.763,0.879,0.783,0.754,0.723,0.649,0.653,0.504,0.381,0.664,0.725,0.771,0.694,0.749,0.898,0.781,0.795,0.652,0.804,0.747,0.642,0.616,0.766,0.707,0.857,0,0.92,0.833,0.616,0.748,0.7,0.721,1.0,0.761,0.502,0.525,0.441,0.481,0.435,0.509,0.663,0.774,0.639,0.579,0.437,0.504,0.505,0.427,0.79,0.775,0.568,0.653,0.332,0.553,0.73,0.629,0.655,0.84,0.737,0.568,0.796,0.754,0.774,0.651,0.727,0.666,0.692,0.833,0.703,0.843,0.675,0.726,0.753,0.814,0.609,0.694,0.633,0.419,0.551,0.626,0.616,0.567,0.622,0.578,0.511,0.686,0.314,0.522,0.522,0.559,0.662,0.293,0.81,0.449,0.769,0.734,0.698,0.491,0.743,0.325,0.74,0.742,0.653,0.4,0.56,0.649,0.735,0.709,0.381,0.743,0.356,0.712,0.829,0.619,0.781,0.504,0.646,0.623,0.655,0.639,0.487,0.513,0.658,0.445,0.681,0.527,0.591,0.469,
0.852,0.936,0.655,0.716,0.806,0.866,0.86,0.825,0.738,0.728,0.698,0.667,0.848,0.971,0.831,0.644,0.823,0.852,0.846,0.916,0.843,0.838,0.634,0.882,0.898,0.942,0.887,0,0.9,0.909,0.87,0.677,0.625,0.612,0.761,1.0,0.753,0.852,0.82,0.799,0.796,0.882,0.899,0.989,0.751,0.894,0.76,0.845,0.867,0.803,0.809,0.9,0.881,0.793,0.678,0.725,0.962,0.919,0.891,0.876,0.517,0.613,0.969,0.943,0.912,0.865,0.94,0.929,0.943,0.961,0.745,0.623,0.923,0.856,0.741,0.953,0.951,0.943,0.637,0.807,0.885,0.919,0.878,0.597,0.937,0.921,0.808,0.849,0.488,0.598,0.598,0.844,0.882,0.675,0.967,0.734,0.676,0.888,0.78,0.613,0.847,0.612,0.952,0.857,0.584,0.795,0.827,0.911,0.915,0.979,0.73,0.995,0.57,0.956,0.652,0.895,0.971,0.824,0.892,0.919,0.921,0.916,0.808,0.872,0.775,0.79,0.97,0.901,0.933,0.786,
0.559,0.667,0.126,0.45,0.498,0.645,0.635,0.812,0.621,0.751,0.821,0.559,0.666,0.648,0.651,0.762,0.724,0.644,0.56,0.707,0.711,0.515,0.662,0.679,0.512,0.682,0.441,0,0.483,0.563,0.722,0.108,0.18,0.776,0.502,0.753,1.0,0.971,0.953,0.908,0.914,0.913,0.856,0.747,0.657,0.797,0.832,0.87,0.889,0.952,0.368,0.695,0.804,0.68,0.936,0.747,0.657,0.733,0.57,0.488,0.258,0.82,0.607,0.624,0.806,0.822,0.739,0.646,0.741,0.595,0.85,0.18,0.779,0.545,0.783,0.561,0.876,0.687,0.103,0.902,0.773,0.705,0.759,0.136,0.762,0.842,0.736,0.726,0.687,0.112,0.112,0.815,0.67,0.895,0.651,0.861,0.547,0.605,0.682,0.719,0.59,0.896,0.735,0.503,0.134,0.938,0.78,0.657,0.751,0.727,0.91,0.75,0.411,0.666,0.182,0.654,0.642,0.698,0.567,0.71,0.66,0.657,0.712,0.858,0.878,0.773,0.769,0.863,0.821,0.828,
0.675,0.772,0.254,0.49,0.566,0.725,0.718,0.844,0.674,0.787,0.842,0.619,0.75,0.761,0.749,0.703,0.71,0.69,0.661,0.79,0.753,0.577,0.655,0.767,0.624,0.779,0.565,0,0.581,0.669,0.815,0.241,0.305,0.707,0.525,0.852,0.971,1.0,0.978,0.925,0.937,0.957,0.899,0.84,0.708,0.866,0.86,0.914,0.937,0.968,0.483,0.785,0.87,0.736,0.941,0.776,0.765,0.825,0.677,0.597,0.319,0.766,0.722,0.727,0.856,0.858,0.825,0.751,0.817,0.703,0.831,0.241,0.842,0.643,0.754,0.68,0.942,0.791,0.23,0.931,0.844,0.798,0.789,0.242,0.845,0.906,0.798,0.786,0.711,0.233,0.233,0.885,0.741,0.893,0.754,0.895,0.551,0.672,0.733,0.741,0.643,0.871,0.836,0.575,0.193,0.958,0.823,0.762,0.841,0.827,0.925,0.846,0.469,0.772,0.281,0.75,0.752,0.766,0.678,0.802,0.759,0.757,0.776,0.912,0.863,0.821,0.857,0.921,0.896,0.868,
0.564,0.747,0.136,0.446,0.491,0.73,0.72,0.876,0.697,0.834,0.906,0.572,0.713,0.728,0.639,0.673,0.687,0.651,0.594,0.772,0.756,0.553,0.626,0.767,0.582,0.756,0.502,0,0.524,0.641,0.748,0.142,0.15,0.694,0.441,0.82,0.953,0.978,1.0,0.968,0.934,0.956,0.917,0.821,0.736,0.887,0.916,0.952,0.968,0.995,0.435,0.743,0.899,0.755,0.903,0.768,0.749,0.805,0.648,0.566,0.134,0.796,0.696,0.671,0.836,0.872,0.834,0.736,0.823,0.669,0.8,0.137,0.86,0.624,0.743,0.647,0.935,0.761,0.146,0.929,0.802,0.797,0.776,0.154,0.81,0.881,0.823,0.767,0.624,0.154,0.154,0.848,0.689,0.904,0.715,0.868,0.479,0.649,0.671,0.671,0.601,0.829,0.79,0.536,0.127,0.973,0.789,0.724,0.791,0.81,0.965,0.817,0.389,0.758,0.144,0.741,0.733,0.718,0.65,0.802,0.746,0.746,0.721,0.923,0.781,0.779,0.825,0.908,0.903,0.919,
0.51,0.698,0.148,0.536,0.547,0.832,0.794,0.945,0.833,0.914,0.943,0.695,0.771,0.715,0.612,0.664,0.744,0.588,0.652,0.722,0.854,0.602,0.644,0.74,0.557,0.714,0.544,0,0.552,0.715,0.682,0.133,0.117,0.714,0.481,0.799,0.908,0.925,0.968,1.0,0.87,0.888,0.925,0.83,0.865,0.867,0.942,0.945,0.947,0.954,0.479,0.804,0.898,0.859,0.829,0.817,0.727,0.756,0.575,0.648,0.101,0.828,0.701,0.621,0.894,0.858,0.88,0.685,0.833,0.673,0.788,0.098,0.897,0.654,0.731,0.662,0.88,0.721,0.086,0.838,0.682,0.752,0.721,0.037,0.713,0.781,0.813,0.807,0.604,0.038,0.038,0.814,0.649,0.826,0.723,0.856,0.415,0.646,0.748,0.72,0.631,0.802,0.783,0.547,0.159,0.909,0.762,0.656,0.813,0.772,0.972,0.783,0.219,0.73,0.13,0.689,0.741,0.578,0.577,0.759,0.692,0.689,0.578,0.87,0.701,0.644,0.75,0.811,0.853,0.945,
0.509,0.641,0.221,0.439,0.468,0.646,0.633,0.72,0.606,0.676,0.705,0.51,0.621,0.644,0.554,0.543,0.597,0.563,0.548,0.65,0.656,0.513,0.516,0.647,0.538,0.65,0.499,0,0.513,0.595,0.622,0.226,0.213,0.555,0.435,0.796,0.914,0.937,0.934,0.87,1.0,0.978,0.778,0.803,0.631,0.731,0.721,0.799,0.844,0.953,0.443,0.651,0.732,0.645,0.936,0.846,0.654,0.673,0.568,0.544,0.179,0.62,0.628,0.759,0.75,0.71,0.714,0.633,0.698,0.61,0.639,0.206,0.721,0.565,0.606,0.597,0.928,0.653,0.211,0.987,0.882,0.669,0.723,0.196,0.858,0.897,0.669,0.843,0.473,0.196,0.196,0.684,0.588,0.983,0.748,0.695,0.42,0.575,0.579,0.538,0.691,0.756,0.678,0.499,0.195,0.985,0.64,0.618,0.675,0.745,0.82,0.823,0.625,0.657,0.22,0.629,0.652,0.839,0.569,0.673,0.637,0.635,0.853,0.861,0.858,0.912,0.815,0.934,0.804,0.729,
0.621,0.783,0.296,0.485,0.539,0.699,0.701,0.78,0.621,0.717,0.762,0.504,0.681,0.771,0.638,0.619,0.676,0.706,0.608,0.791,0.707,0.608,0.572,0.772,0.67,0.789,0.59,0,0.618,0.67,0.742,0.326,0.292,0.611,0.509,0.882,0.913,0.957,0.956,0.888,0.978,1.0,0.865,0.873,0.651,0.846,0.795,0.878,0.916,0.967,0.529,0.715,0.838,0.685,0.891,0.788,0.788,0.806,0.723,0.615,0.23,0.67,0.751,0.822,0.801,0.821,0.806,0.779,0.814,0.733,0.72,0.318,0.819,0.659,0.702,0.714,0.983,0.786,0.336,0.986,0.932,0.808,0.828,0.345,0.929,0.963,0.771,0.825,0.488,0.346,0.346,0.781,0.716,0.936,0.81,0.748,0.537,0.7,0.613,0.547,0.715,0.74,0.785,0.617,0.278,0.984,0.744,0.762,0.756,0.86,0.849,0.902,0.633,0.793,0.305,0.77,0.772,0.882,0.724,0.811,0.783,0.782,0.884,0.926,0.852,0.921,0.91,0.983,0.908,0.805,
0.698,0.888,0.325,0.629,0.633,0.853,0.844,0.963,0.783,0.881,0.923,0.644,0.819,0.885,0.739,0.813,0.862,0.834,0.728,0.902,0.888,0.707,0.729,0.887,0.762,0.904,0.687,0,0.735,0.801,0.845,0.346,0.309,0.817,0.663,0.899,0.856,0.899,0.917,0.925,0.778,0.865,1.0,0.898,0.816,0.977,0.952,0.98,0.975,0.896,0.615,0.859,0.984,0.843,0.705,0.672,0.902,0.921,0.805,0.736,0.282,0.87,0.866,0.721,0.92,0.984,0.958,0.881,0.948,0.851,0.907,0.378,0.969,0.771,0.89,0.824,0.913,0.898,0.339,0.785,0.745,0.922,0.835,0.341,0.804,0.853,0.901,0.736,0.591,0.331,0.331,0.911,0.81,0.692,0.8,0.866,0.662,0.806,0.749,0.676,0.638,0.698,0.914,0.699,0.298,0.836,0.86,0.858,0.896,0.915,0.915,0.876,0.277,0.907,0.351,0.872,0.894,0.645,0.804,0.927,0.887,0.884,0.628,0.907,0.708,0.645,0.874,0.845,0.957,0.964,
0.795,0.888,0.647,0.764,0.812,0.919,0.895,0.858,0.816,0.771,0.713,0.733,0.87,0.946,0.791,0.627,0.84,0.796,0.867,0.865,0.895,0.843,0.634,0.85,0.866,0.898,0.898,0,0.903,0.943,0.807,0.658,0.585,0.616,0.774,0.989,0.747,0.84,0.821,0.83,0.803,0.873,0.898,1.0,0.825,0.869,0.765,0.838,0.857,0.806,0.824,0.922,0.867,0.847,0.673,0.794,0.932,0.869,0.828,0.916,0.476,0.626,0.956,0.931,0.94,0.843,0.956,0.88,0.93,0.947,0.722,0.585,0.928,0.862,0.722,0.946,0.937,0.9,0.585,0.795,0.842,0.875,0.833,0.508,0.9,0.881,0.789,0.905,0.457,0.51,0.51,0.803,0.827,0.682,0.981,0.712,0.621,0.862,0.805,0.621,0.874,0.598,0.929,0.835,0.576,0.794,0.781,0.85,0.911,0.95,0.74,0.984,0.514,0.923,0.626,0.846,0.96,0.775,0.829,0.875,0.87,0.864,0.76,0.852,0.756,0.754,0.931,0.87,0.9,0.792,
0.509,0.598,0.394,0.749,0.683,0.97,0.887,0.928,0.998,0.899,0.8,0.913,0.862,0.707,0.621,0.555,0.775,0.476,0.812,0.586,0.963,0.672,0.614,0.638,0.569,0.622,0.723,0,0.689,0.877,0.559,0.332,0.289,0.628,0.639,0.751,0.657,0.708,0.736,0.865,0.631,0.651,0.816,0.825,1.0,0.717,0.792,0.77,0.753,0.703,0.655,0.906,0.768,0.953,0.57,0.828,0.679,0.621,0.462,0.849,0.257,0.703,0.731,0.59,0.925,0.715,0.895,0.579,0.771,0.714,0.66,0.217,0.85,0.722,0.609,0.729,0.697,0.639,0.167,0.555,0.446,0.617,0.522,0.0,0.524,0.543,0.678,0.848,0.512,0.0,0.0,0.678,0.548,0.532,0.771,0.708,0.331,0.612,0.853,0.735,0.684,0.585,0.761,0.569,0.311,0.635,0.614,0.534,0.836,0.679,0.781,0.714,0.0,0.665,0.329,0.563,0.756,0.33,0.463,0.624,0.571,0.562,0.322,0.658,0.514,0.368,0.595,0.557,0.67,0.813,
0.737,0.94,0.32,0.531,0.604,0.781,0.794,0.9,0.678,0.821,0.897,0.533,0.771,0.908,0.747,0.746,0.784,0.861,0.68,0.954,0.796,0.698,0.672,0.922,0.793,0.946,0.664,0,0.709,0.752,0.894,0.367,0.33,0.728,0.579,0.894,0.797,0.866,0.887,0.867,0.731,0.846,0.977,0.869,0.717,1.0,0.939,0.975,0.972,0.862,0.594,0.809,0.996,0.767,0.655,0.554,0.935,0.97,0.879,0.682,0.259,0.794,0.878,0.715,0.854,0.983,0.932,0.937,0.959,0.857,0.862,0.38,0.957,0.76,0.846,0.828,0.906,0.939,0.404,0.765,0.767,0.973,0.867,0.441,0.826,0.871,0.92,0.64,0.574,0.442,0.442,0.932,0.859,0.643,0.766,0.856,0.661,0.829,0.685,0.619,0.585,0.661,0.921,0.722,0.309,0.805,0.891,0.922,0.874,0.94,0.879,0.871,0.314,0.944,0.344,0.929,0.903,0.674,0.879,0.976,0.944,0.944,0.652,0.912,0.647,0.651,0.899,0.856,0.984,0.949,
0.553,0.774,0.084,0.455,0.493,0.773,0.76,0.945,0.748,0.906,0.99,0.589,0.738,0.749,0.63,0.717,0.731,0.673,0.597,0.809,0.804,0.592,0.694,0.826,0.607,0.786,0.496,0,0.525,0.661,0.762,0.096,0.086,0.747,0.437,0.76,0.832,0.86,0.916,0.942,0.721,0.795,0.952,0.765,0.792,0.939,1.0,0.982,0.965,0.887,0.453,0.767,0.963,0.824,0.694,0.611,0.779,0.84,0.666,0.579,0.067,0.878,0.718,0.52,0.84,0.932,0.884,0.765,0.879,0.691,0.847,0.098,0.92,0.673,0.794,0.67,0.82,0.794,0.122,0.722,0.606,0.837,0.739,0.115,0.655,0.738,0.881,0.616,0.634,0.115,0.115,0.884,0.711,0.668,0.627,0.895,0.484,0.679,0.692,0.693,0.476,0.742,0.814,0.553,0.109,0.808,0.829,0.745,0.815,0.792,0.967,0.727,0.079,0.789,0.089,0.775,0.765,0.485,0.667,0.844,0.777,0.777,0.472,0.858,0.571,0.514,0.734,0.748,0.889,0.996,
0.629,0.85,0.181,0.493,0.531,0.784,0.782,0.938,0.728,0.881,0.962,0.573,0.759,0.822,0.684,0.742,0.757,0.759,0.637,0.873,0.811,0.619,0.675,0.863,0.68,0.86,0.569,0,0.607,0.705,0.824,0.207,0.186,0.753,0.504,0.845,0.87,0.914,0.952,0.945,0.799,0.878,0.98,0.838,0.77,0.975,0.982,1.0,0.996,0.931,0.502,0.792,0.986,0.799,0.748,0.641,0.85,0.902,0.759,0.627,0.148,0.852,0.791,0.644,0.862,0.964,0.913,0.843,0.912,0.764,0.866,0.217,0.939,0.699,0.828,0.737,0.904,0.857,0.228,0.812,0.732,0.901,0.808,0.25,0.776,0.845,0.906,0.679,0.616,0.249,0.249,0.913,0.768,0.738,0.717,0.892,0.565,0.739,0.689,0.664,0.55,0.739,0.866,0.614,0.174,0.873,0.853,0.825,0.847,0.874,0.961,0.823,0.248,0.86,0.195,0.846,0.827,0.629,0.761,0.907,0.853,0.853,0.616,0.919,0.664,0.647,0.839,0.85,0.953,0.987,
0.643,0.858,0.204,0.491,0.539,0.776,0.777,0.92,0.712,0.862,0.942,0.56,0.754,0.829,0.689,0.726,0.748,0.766,0.639,0.879,0.798,0.628,0.663,0.865,0.693,0.867,0.581,0,0.617,0.707,0.829,0.234,0.21,0.732,0.505,0.867,0.889,0.937,0.968,0.947,0.844,0.916,0.975,0.857,0.753,0.972,0.965,0.996,1.0,0.953,0.514,0.788,0.978,0.786,0.785,0.669,0.858,0.905,0.774,0.631,0.163,0.827,0.799,0.689,0.861,0.955,0.908,0.852,0.912,0.773,0.851,0.239,0.934,0.704,0.815,0.747,0.935,0.864,0.258,0.858,0.785,0.906,0.83,0.281,0.821,0.885,0.9,0.709,0.603,0.282,0.282,0.908,0.777,0.785,0.744,0.881,0.57,0.747,0.682,0.65,0.585,0.75,0.868,0.628,0.197,0.907,0.852,0.835,0.844,0.89,0.955,0.852,0.327,0.867,0.218,0.853,0.833,0.691,0.775,0.911,0.862,0.862,0.679,0.939,0.706,0.711,0.87,0.892,0.966,0.971,
0.518,0.72,0.108,0.429,0.443,0.697,0.689,0.848,0.664,0.804,0.879,0.523,0.669,0.697,0.584,0.668,0.669,0.641,0.549,0.745,0.728,0.52,0.606,0.743,0.561,0.731,0.47,0,0.503,0.608,0.704,0.123,0.111,0.689,0.427,0.803,0.952,0.968,0.995,0.954,0.953,0.967,0.896,0.806,0.703,0.862,0.887,0.931,0.953,1.0,0.411,0.697,0.871,0.721,0.904,0.772,0.723,0.774,0.629,0.536,0.094,0.785,0.669,0.673,0.802,0.851,0.803,0.712,0.792,0.644,0.777,0.137,0.827,0.598,0.737,0.62,0.935,0.73,0.136,0.95,0.818,0.773,0.763,0.151,0.817,0.888,0.798,0.767,0.563,0.149,0.149,0.803,0.648,0.932,0.703,0.82,0.474,0.623,0.613,0.606,0.592,0.795,0.748,0.504,0.104,0.987,0.743,0.695,0.742,0.792,0.945,0.809,0.432,0.732,0.12,0.719,0.705,0.742,0.63,0.778,0.723,0.723,0.747,0.918,0.79,0.808,0.82,0.918,0.888,0.891,
0.784,0.722,0.833,0.773,0.821,0.79,0.76,0.595,0.672,0.503,0.365,0.658,0.74,0.822,0.688,0.41,0.706,0.657,0.823,0.684,0.738,0.895,0.684,0.773,0.917,0.73,0.924,0,0.908,0.888,0.619,0.834,0.741,0.38,0.79,0.809,0.368,0.483,0.435,0.479,0.443,0.529,0.615,0.824,0.655,0.594,0.453,0.502,0.514,0.411,1.0,0.793,0.585,0.773,0.295,0.629,0.783,0.656,0.703,0.902,0.607,0.376,0.858,0.823,0.744,0.569,0.762,0.717,0.77,0.888,0.46,0.729,0.704,0.949,0.489,0.924,0.641,0.773,0.828,0.432,0.614,0.665,0.617,0.6,0.672,0.596,0.527,0.724,0.234,0.603,0.603,0.544,0.69,0.289,0.872,0.407,0.536,0.759,0.69,0.436,0.804,0.267,0.762,0.806,0.734,0.403,0.556,0.686,0.743,0.759,0.357,0.797,0.411,0.763,0.797,0.663,0.861,0.552,0.703,0.662,0.695,0.686,0.529,0.532,0.5,0.477,0.714,0.558,0.62,0.467,
0.82,0.805,0.647,0.788,0.861,0.96,0.911,0.888,0.902,0.821,0.735,0.909,0.944,0.892,0.886,0.62,0.831,0.685,0.944,0.783,0.938,0.804,0.672,0.777,0.776,0.816,0.89,0,0.854,0.956,0.816,0.592,0.624,0.632,0.775,0.9,0.695,0.785,0.743,0.804,0.651,0.715,0.859,0.922,0.906,0.809,0.767,0.792,0.788,0.697,0.793,1.0,0.829,0.908,0.624,0.758,0.851,0.812,0.702,0.923,0.585,0.646,0.893,0.772,0.974,0.794,0.946,0.777,0.88,0.882,0.751,0.479,0.907,0.83,0.679,0.889,0.795,0.84,0.458,0.611,0.63,0.783,0.693,0.344,0.705,0.702,0.746,0.841,0.665,0.339,0.339,0.846,0.794,0.515,0.892,0.809,0.547,0.785,0.95,0.829,0.781,0.664,0.941,0.767,0.512,0.648,0.799,0.772,0.98,0.842,0.742,0.858,0.232,0.838,0.618,0.746,0.903,0.529,0.702,0.786,0.766,0.758,0.521,0.735,0.66,0.52,0.78,0.683,0.793,0.794,
0.707,0.912,0.292,0.542,0.602,0.812,0.815,0.931,0.729,0.862,0.93,0.583,0.792,0.89,0.737,0.74,0.787,0.82,0.692,0.927,0.827,0.69,0.679,0.907,0.762,0.92,0.656,0,0.692,0.764,0.871,0.327,0.293,0.736,0.568,0.881,0.804,0.87,0.899,0.898,0.732,0.838,0.984,0.867,0.768,0.996,0.963,0.986,0.978,0.871,0.585,0.829,1.0,0.806,0.664,0.588,0.915,0.948,0.836,0.693,0.229,0.816,0.863,0.686,0.875,0.979,0.945,0.907,0.954,0.839,0.863,0.325,0.966,0.757,0.836,0.814,0.894,0.917,0.347,0.754,0.729,0.95,0.837,0.365,0.791,0.842,0.92,0.661,0.595,0.366,0.366,0.93,0.831,0.647,0.758,0.874,0.619,0.806,0.713,0.654,0.579,0.679,0.916,0.697,0.277,0.807,0.881,0.889,0.883,0.919,0.908,0.853,0.25,0.922,0.305,0.901,0.892,0.627,0.837,0.954,0.914,0.914,0.606,0.905,0.629,0.615,0.868,0.832,0.969,0.973,
