0,0,0,0,0,0,0,0,0,0,0,0,0,0,0,0,0,0,0,0,0,0,0,0,0,0,0,0,0,0,0,0,0,0,0,0,0,0,0,0,0,0,0,0,0,0,0,0,0,0,0,0,0,0,0,0,0,0,0,0,0,0,0,0,0,0,0,0,0,0,0,0,0,0,0,0,0,0,0,0,0,0,0,0,0,0,0,0,0,0,0,0,0,0,0,0,0,0,0,0,0,0,0,0,0,0,0,0,0,0,0,0,0,0,0,0,0,0,0,0,0,0,0,0,0,0,0,0,0,0,
0,1.0,0.678,0.815,0.42,0.861,0.519,0.713,0.581,0.397,0.195,0.519,0.616,0.657,0.645,0.754,0.768,0.527,0.621,0.811,0.712,0.628,0.794,0.758,0.718,0.783,0.728,0.742,0.468,0.515,0.764,0.836,0.513,0.863,0.601,0.503,0.524,0.467,0.68,0.749,0.417,0.611,0.739,0.617,0.579,0.162,0.547,0.704,0.622,0.529,0.582,0.511,0.609,0.344,0.56,0.728,0.32,0.64,0.38,0.546,0.537,0.762,0.593,0.455,0.468,0.628,0.631,0.646,0.686,0.636,0.712,0.43,0.709,0.477,0.368,0.278,0.669,0.568,0.488,0.416,0.529,0.72,0.522,0.446,0.546,0.552,0.591,0.209,0.438,0.513,0.685,0.566,0.319,0,0,0,0,0,0,0,0,0,0,0,0,0,0,0,0,0,0,0,0,0,0,0,0,0,0,0,0,0,0,0,0,0,0,0,0,0,
0,0.678,1.0,0.495,0.593,0.624,0.464,0.273,0.422,0.297,0.323,0.21,0.054,0.351,0.825,0.426,0.364,0.496,0.366,0.49,0.896,0.233,0.685,0.254,0.788,0.884,0.818,0.411,0.197,0.461,0.49,0.776,0.791,0.592,0.333,0.378,0.698,0.448,0.552,0.647,0.519,0.82,0.812,0.701,0.691,0.222,0.884,0.399,0.855,0.869,0.78,0.494,0.25,0.52,0.421,0.284,0.342,0.747,0.51,0.866,0.376,0.341,0.118,0.755,0.694,0.641,0.286,0.243,0.918,0.459,0.835,0.48,0.509,0.522,0.233,0.191,0.897,0.665,0.645,0.553,0.801,0.907,0.856,0.639,0.867,0.798,0.862,0.333,0.305,0.312,0.794,0.851,0.321,0,0,0,0,0,0,0,0,0,0,0,0,0,0,0,0,0,0,0,0,0,0,0,0,0,0,0,0,0,0,0,0,0,0,0,0,0,
0,0.815,0.495,1.0,0.394,0.709,0.612,0.745,0.601,0.637,0.023,0.714,0.662,0.5,0.495,0.481,0.841,0.417,0.739,0.69,0.511,0.794,0.733,0.788,0.757,0.663,0.711,0.772,0.615,0.53,0.815,0.556,0.297,0.697,0.814,0.49,0.345,0.325,0.492,0.836,0.442,0.57,0.687,0.675,0.368,0.153,0.463,0.81,0.65,0.417,0.661,0.536,0.601,0.318,0.495,0.539,0.196,0.641,0.436,0.402,0.501,0.617,0.681,0.363,0.414,0.435,0.722,0.759,0.493,0.763,0.686,0.409,0.711,0.731,0.489,0.358,0.532,0.473,0.316,0.238,0.482,0.568,0.354,0.658,0.383,0.503,0.433,0.236,0.534,0.468,0.548,0.453,0.406,0,0,0,0,0,0,0,0,0,0,0,0,0,0,0,0,0,0,0,0,0,0,0,0,0,0,0,0,0,0,0,0,0,0,0,0,0,
0,0.42,0.593,0.394,1.0,0.298,0.786,0.348,0.678,0.591,0.575,0.286,0.077,0.487,0.61,0.41,0.555,0.663,0.582,0.538,0.371,0.404,0.474,0.386,0.535,0.455,0.338,0.453,0.587,0.681,0.606,0.434,0.625,0.322,0.336,0.718,0.595,0.527,0.529,0.664,0.542,0.652,0.295,0.827,0.592,0.668,0.267,0.3,0.307,0.207,0.645,0.804,0.456,0.668,0.675,0.386,0.536,0.534,0.599,0.269,0.743,0.422,0.387,0.866,0.752,0.914,0.493,0.411,0.388,0.447,0.576,0.659,0.709,0.644,0.692,0.614,0.761,0.751,0.848,0.833,0.668,0.477,0.186,0.586,0.205,0.506,0.313,0.596,0.706,0.618,0.264,0.522,0.596,0,0,0,0,0,0,0,0,0,0,0,0,0,0,0,0,0,0,0,0,0,0,0,0,0,0,0,0,0,0,0,0,0,0,0,0,0,
0,0.861,0.624,0.709,0.298,1.0,0.36,0.532,0.505,0.51,0.264,0.617,0.63,0.672,0.631,0.79,0.492,0.222,0.628,0.707,0.642,0.582,0.682,0.609,0.645,0.641,0.759,0.733,0.507,0.401,0.722,0.888,0.369,0.9,0.703,0.262,0.301,0.307,0.46,0.648,0.334,0.533,0.709,0.632,0.408,0.0,0.568,0.685,0.67,0.564,0.536,0.553,0.505,0.275,0.548,0.679,0.116,0.655,0.355,0.535,0.49,0.802,0.405,0.399,0.355,0.499,0.518,0.522,0.702,0.666,0.641,0.33,0.537,0.538,0.287,0.171,0.582,0.436,0.504,0.419,0.464,0.71,0.535,0.488,0.549,0.507,0.573,0.143,0.448,0.626,0.69,0.568,0.307,0,0,0,0,0,0,0,0,0,0,0,0,0,0,0,0,0,0,0,0,0,0,0,0,0,0,0,0,0,0,0,0,0,0,0,0,0,
0,0.519,0.464,0.612,0.786,0.36,1.0,0.383,0.558,0.53,0.381,0.333,0.32,0.444,0.512,0.334,0.782,0.393,0.536,0.558,0.351,0.602,0.528,0.648,0.539,0.558,0.413,0.528,0.548,0.545,0.758,0.432,0.254,0.407,0.348,0.511,0.4,0.207,0.497,0.723,0.241,0.457,0.34,0.805,0.347,0.334,0.283,0.337,0.38,0.215,0.54,0.694,0.436,0.465,0.574,0.56,0.221,0.492,0.457,0.248,0.706,0.39,0.705,0.485,0.56,0.767,0.589,0.702,0.346,0.463,0.489,0.297,0.658,0.538,0.586,0.513,0.554,0.502,0.564,0.561,0.549,0.404,0.192,0.5,0.196,0.399,0.275,0.36,0.581,0.524,0.298,0.433,0.442,0,0,0,0,0,0,0,0,0,0,0,0,0,0,0,0,0,0,0,0,0,0,0,0,0,0,0,0,0,0,0,0,0,0,0,0,0,
0,0.713,0.273,0.745,0.348,0.532,0.383,1.0,0.708,0.583,0.054,0.743,0.828,0.724,0.347,0.366,0.781,0.582,0.825,0.708,0.421,0.844,0.769,0.858,0.638,0.497,0.514,0.856,0.703,0.536,0.764,0.378,0.359,0.552,0.75,0.649,0.426,0.521,0.543,0.632,0.488,0.422,0.517,0.479,0.519,0.319,0.165,0.884,0.306,0.131,0.438,0.484,0.73,0.295,0.589,0.384,0.426,0.499,0.278,0.172,0.605,0.522,0.783,0.382,0.326,0.417,0.848,0.823,0.361,0.787,0.586,0.506,0.823,0.497,0.555,0.449,0.435,0.557,0.331,0.306,0.29,0.441,0.117,0.378,0.155,0.333,0.245,0.344,0.615,0.549,0.484,0.263,0.269,0,0,0,0,0,0,0,0,0,0,0,0,0,0,0,0,0,0,0,0,0,0,0,0,0,0,0,0,0,0,0,0,0,0,0,0,0,
0,0.581,0.422,0.601,0.678,0.505,0.558,0.708,1.0,0.561,0.258,0.533,0.507,0.66,0.738,0.501,0.676,0.554,0.921,0.571,0.37,0.789,0.675,0.611,0.51,0.498,0.52,0.857,0.916,0.945,0.85,0.52,0.462,0.618,0.601,0.837,0.317,0.358,0.375,0.794,0.473,0.67,0.579,0.779,0.489,0.719,0.293,0.68,0.396,0.266,0.724,0.806,0.929,0.809,0.963,0.367,0.384,0.806,0.789,0.362,0.924,0.654,0.628,0.717,0.789,0.695,0.9,0.64,0.485,0.858,0.738,0.603,0.81,0.775,0.931,0.86,0.75,0.847,0.7,0.706,0.719,0.626,0.252,0.672,0.259,0.672,0.431,0.673,0.958,0.657,0.52,0.638,0.78,0,0,0,0,0,0,0,0,0,0,0,0,0,0,0,0,0,0,0,0,0,0,0,0,0,0,0,0,0,0,0,0,0,0,0,0,0,
0,0.397,0.297,0.637,0.591,0.51,0.53,0.583,0.561,1.0,0.475,0.775,0.514,0.644,0.312,0.339,0.472,0.264,0.775,0.494,0.207,0.635,0.419,0.535,0.561,0.238,0.432,0.613,0.737,0.442,0.656,0.314,0.191,0.337,0.802,0.361,0.202,0.317,0.204,0.54,0.398,0.332,0.3,0.742,0.22,0.184,0.146,0.629,0.328,0.079,0.439,0.765,0.401,0.272,0.514,0.284,0.155,0.429,0.302,0.054,0.583,0.464,0.448,0.514,0.268,0.486,0.563,0.58,0.241,0.669,0.471,0.425,0.586,0.782,0.502,0.35,0.4,0.353,0.547,0.507,0.276,0.309,0.0,0.603,0.052,0.239,0.108,0.397,0.687,0.801,0.246,0.238,0.34,0,0,0,0,0,0,0,0,0,0,0,0,0,0,0,0,0,0,0,0,0,0,0,0,0,0,0,0,0,0,0,0,0,0,0,0,0,
0,0.195,0.323,0.023,0.575,0.264,0.381,0.054,0.258,0.475,1.0,0.19,0.0,0.643,0.301,0.352,0.02,0.147,0.275,0.033,0.029,0.0,0.0,0.02,0.031,0.056,0.021,0.1,0.313,0.264,0.223,0.278,0.139,0.0,0.022,0.019,0.034,0.101,0.0,0.004,0.0,0.0,0.012,0.551,0.137,0.0,0.009,0.009,0.0,0.0,0.0,0.723,0.012,0.115,0.369,0.137,0.0,0.105,0.0,0.006,0.495,0.251,0.004,0.406,0.125,0.677,0.02,0.017,0.225,0.022,0.107,0.02,0.205,0.243,0.112,0.014,0.388,0.129,0.785,0.813,0.123,0.178,0.0,0.028,0.015,0.012,0.017,0.07,0.346,0.768,0.017,0.185,0.0,0,0,0,0,0,0,0,0,0,0,0,0,0,0,0,0,0,0,0,0,0,0,0,0,0,0,0,0,0,0,0,0,0,0,0,0,0,
0,0.519,0.21,0.714,0.286,0.617,0.333,0.743,0.533,0.775,0.19,1.0,0.827,0.706,0.178,0.275,0.531,0.368,0.804,0.533,0.222,0.786,0.638,0.686,0.599,0.308,0.444,0.782,0.73,0.289,0.693,0.259,0.208,0.426,0.918,0.356,0.217,0.458,0.395,0.525,0.562,0.329,0.374,0.525,0.4,0.095,0.094,0.908,0.339,0.072,0.386,0.565,0.436,0.03,0.431,0.285,0.327,0.39,0.11,0.013,0.481,0.453,0.583,0.269,0.11,0.326,0.609,0.676,0.283,0.703,0.38,0.445,0.716,0.602,0.402,0.164,0.308,0.364,0.382,0.316,0.119,0.305,0.0,0.378,0.013,0.125,0.039,0.0,0.538,0.684,0.298,0.12,0.132,0,0,0,0,0,0,0,0,0,0,0,0,0,0,0,0,0,0,0,0,0,0,0,0,0,0,0,0,0,0,0,0,0,0,0,0,0,
0,0.616,0.054,0.662,0.077,0.63,0.32,0.828,0.507,0.514,0.0,0.827,1.0,0.727,0.154,0.349,0.649,0.221,0.724,0.629,0.253,0.868,0.672,0.879,0.475,0.347,0.424,0.845,0.658,0.254,0.749,0.349,0.017,0.574,0.752,0.32,0.138,0.277,0.422,0.479,0.26,0.158,0.368,0.353,0.288,0.0,0.032,0.841,0.222,0.017,0.204,0.38,0.577,0.0,0.466,0.487,0.181,0.34,0.039,0.003,0.508,0.517,0.814,0.026,0.026,0.235,0.736,0.849,0.247,0.691,0.313,0.214,0.655,0.31,0.368,0.222,0.151,0.271,0.165,0.145,0.034,0.267,0.0,0.156,0.006,0.074,0.057,0.0,0.465,0.566,0.376,0.069,0.064,0,0,0,0,0,0,0,0,0,0,0,0,0,0,0,0,0,0,0,0,0,0,0,0,0,0,0,0,0,0,0,0,0,0,0,0,0,
0,0.657,0.351,0.5,0.487,0.672,0.444,0.724,0.66,0.644,0.643,0.706,0.727,1.0,0.442,0.552,0.515,0.388,0.776,0.541,0.317,0.656,0.588,0.664,0.424,0.383,0.399,0.756,0.729,0.489,0.731,0.527,0.265,0.504,0.569,0.387,0.232,0.37,0.382,0.42,0.284,0.249,0.389,0.648,0.436,0.143,0.113,0.678,0.218,0.104,0.252,0.782,0.555,0.221,0.694,0.441,0.245,0.436,0.149,0.125,0.769,0.604,0.596,0.42,0.245,0.685,0.631,0.628,0.442,0.601,0.429,0.291,0.695,0.422,0.432,0.279,0.503,0.444,0.718,0.721,0.234,0.445,0.105,0.191,0.12,0.205,0.182,0.168,0.645,0.919,0.406,0.301,0.144,0,0,0,0,0,0,0,0,0,0,0,0,0,0,0,0,0,0,0,0,0,0,0,0,0,0,0,0,0,0,0,0,0,0,0,0,0,
0,0.645,0.825,0.495,0.61,0.631,0.512,0.347,0.738,0.312,0.301,0.178,0.154,0.442,1.0,0.545,0.437,0.348,0.59,0.455,0.743,0.441,0.646,0.325,0.6,0.79,0.795,0.606,0.512,0.81,0.68,0.827,0.594,0.726,0.335,0.532,0.409,0.178,0.323,0.747,0.309,0.795,0.847,0.806,0.481,0.442,0.794,0.409,0.773,0.784,0.829,0.671,0.639,0.839,0.786,0.337,0.15,0.94,0.822,0.851,0.694,0.543,0.282,0.768,0.877,0.671,0.583,0.359,0.868,0.68,0.899,0.4,0.523,0.668,0.592,0.604,0.926,0.77,0.703,0.673,0.944,0.934,0.787,0.752,0.787,0.938,0.881,0.619,0.655,0.436,0.831,0.978,0.674,0,0,0,0,0,0,0,0,0,0,0,0,0,0,0,0,0,0,0,0,0,0,0,0,0,0,0,0,0,0,0,0,0,0,0,0,0,
0,0.754,0.426,0.481,0.41,0.79,0.334,0.366,0.501,0.339,0.352,0.275,0.349,0.552,0.545,1.0,0.456,0.29,0.47,0.685,0.353,0.347,0.357,0.454,0.296,0.343,0.381,0.504,0.441,0.496,0.539,0.818,0.327,0.804,0.408,0.398,0.218,0.3,0.401,0.527,0.198,0.413,0.378,0.497,0.278,0.253,0.25,0.339,0.281,0.24,0.359,0.522,0.572,0.388,0.583,0.839,0.168,0.442,0.429,0.282,0.51,0.956,0.277,0.421,0.395,0.611,0.409,0.296,0.38,0.409,0.434,0.367,0.41,0.407,0.387,0.341,0.487,0.412,0.538,0.498,0.396,0.454,0.238,0.329,0.266,0.374,0.352,0.3,0.471,0.581,0.347,0.408,0.499,0,0,0,0,0,0,0,0,0,0,0,0,0,0,0,0,0,0,0,0,0,0,0,0,0,0,0,0,0,0,0,0,0,0,0,0,0,
0,0.768,0.364,0.841,0.555,0.492,0.782,0.781,0.676,0.472,0.02,0.531,0.649,0.515,0.437,0.456,1.0,0.597,0.694,0.792,0.419,0.825,0.738,0.911,0.645,0.614,0.489,0.763,0.631,0.594,0.846,0.461,0.332,0.62,0.593,0.717,0.485,0.424,0.681,0.832,0.416,0.524,0.475,0.614,0.479,0.409,0.228,0.672,0.368,0.171,0.564,0.513,0.71,0.414,0.594,0.67,0.407,0.523,0.444,0.222,0.652,0.585,0.896,0.386,0.504,0.605,0.822,0.879,0.325,0.662,0.573,0.473,0.832,0.523,0.649,0.564,0.496,0.59,0.346,0.321,0.466,0.427,0.153,0.468,0.173,0.409,0.278,0.348,0.592,0.429,0.396,0.345,0.457,0,0,0,0,0,0,0,0,0,0,0,0,0,0,0,0,0,0,0,0,0,0,0,0,0,0,0,0,0,0,0,0,0,0,0,0,0,
0,0.527,0.496,0.417,0.663,0.222,0.393,0.582,0.554,0.264,0.147,0.368,0.221,0.388,0.348,0.29,0.597,1.0,0.477,0.602,0.411,0.373,0.63,0.442,0.586,0.472,0.253,0.453,0.383,0.473,0.423,0.252,0.831,0.282,0.377,0.832,0.812,0.9,0.811,0.568,0.851,0.684,0.304,0.4,0.884,0.688,0.159,0.524,0.207,0.134,0.554,0.387,0.434,0.393,0.41,0.277,0.918,0.353,0.345,0.186,0.425,0.321,0.374,0.684,0.569,0.66,0.436,0.357,0.32,0.36,0.486,0.856,0.814,0.371,0.5,0.381,0.633,0.782,0.547,0.491,0.443,0.393,0.128,0.313,0.142,0.363,0.215,0.29,0.406,0.284,0.23,0.291,0.336,0,0,0,0,0,0,0,0,0,0,0,0,0,0,0,0,0,0,0,0,0,0,0,0,0,0,0,0,0,0,0,0,0,0,0,0,0,
0,0.621,0.366,0.739,0.582,0.628,0.536,0.825,0.921,0.775,0.275,0.804,0.724,0.776,0.59,0.47,0.694,0.477,1.0,0.625,0.352,0.9,0.721,0.733,0.61,0.466,0.574,0.937,0.963,0.783,0.901,0.485,0.356,0.62,0.83,0.699,0.271,0.387,0.375,0.771,0.508,0.57,0.569,0.783,0.447,0.497,0.251,0.857,0.427,0.216,0.651,0.817,0.839,0.577,0.86,0.378,0.331,0.733,0.595,0.258,0.856,0.657,0.698,0.601,0.573,0.598,0.906,0.759,0.452,0.925,0.688,0.564,0.84,0.817,0.815,0.677,0.63,0.704,0.631,0.612,0.54,0.563,0.174,0.654,0.192,0.521,0.324,0.512,0.915,0.776,0.506,0.495,0.599,0,0,0,0,0,0,0,0,0,0,0,0,0,0,0,0,0,0,0,0,0,0,0,0,0,0,0,0,0,0,0,0,0,0,0,0,0,
0,0.811,0.49,0.69,0.538,0.707,0.558,0.708,0.571,0.494,0.033,0.533,0.629,0.541,0.455,0.685,0.792,0.602,0.625,1.0,0.605,0.686,0.771,0.836,0.745,0.605,0.574,0.742,0.518,0.43,0.751,0.69,0.56,0.8,0.684,0.676,0.688,0.667,0.834,0.787,0.578,0.634,0.468,0.538,0.646,0.406,0.317,0.663,0.41,0.266,0.572,0.424,0.619,0.382,0.54,0.821,0.568,0.51,0.407,0.293,0.525,0.736,0.676,0.529,0.486,0.598,0.682,0.738,0.427,0.649,0.604,0.68,0.785,0.451,0.519,0.443,0.516,0.641,0.4,0.33,0.453,0.513,0.252,0.469,0.287,0.425,0.373,0.404,0.507,0.467,0.488,0.37,0.434,0,0,0,0,0,0,0,0,0,0,0,0,0,0,0,0,0,0,0,0,0,0,0,0,0,0,0,0,0,0,0,0,0,0,0,0,0,
0,0.712,0.896,0.511,0.371,0.642,0.351,0.421,0.37,0.207,0.029,0.222,0.253,0.317,0.743,0.353,0.419,0.411,0.352,0.605,1.0,0.351,0.799,0.418,0.851,0.938,0.906,0.506,0.141,0.352,0.52,0.782,0.721,0.689,0.387,0.354,0.736,0.426,0.609,0.642,0.454,0.764,0.864,0.533,0.678,0.132,0.899,0.492,0.86,0.882,0.719,0.274,0.311,0.448,0.361,0.319,0.313,0.735,0.43,0.884,0.289,0.299,0.269,0.601,0.596,0.43,0.399,0.411,0.916,0.554,0.85,0.425,0.5,0.373,0.176,0.185,0.751,0.615,0.382,0.292,0.717,0.905,0.889,0.574,0.906,0.779,0.901,0.356,0.224,0.165,0.918,0.792,0.224,0,0,0,0,0,0,0,0,0,0,0,0,0,0,0,0,0,0,0,0,0,0,0,0,0,0,0,0,0,0,0,0,0,0,0,0,0,
0,0.628,0.233,0.794,0.404,0.582,0.602,0.844,0.789,0.635,0.0,0.786,0.868,0.656,0.441,0.347,0.825,0.373,0.9,0.686,0.351,1.0,0.781,0.903,0.625,0.51,0.569,0.953,0.861,0.612,0.934,0.416,0.188,0.642,0.805,0.621,0.259,0.292,0.46,0.784,0.397,0.465,0.529,0.643,0.377,0.354,0.209,0.862,0.406,0.169,0.564,0.602,0.797,0.419,0.723,0.478,0.269,0.638,0.465,0.197,0.748,0.563,0.902,0.343,0.439,0.439,0.944,0.939,0.366,0.893,0.586,0.42,0.821,0.639,0.73,0.609,0.436,0.577,0.351,0.336,0.422,0.461,0.136,0.535,0.141,0.411,0.257,0.364,0.761,0.586,0.492,0.366,0.468,0,0,0,0,0,0,0,0,0,0,0,0,0,0,0,0,0,0,0,0,0,0,0,0,0,0,0,0,0,0,0,0,0,0,0,0,0,
0,0.794,0.685,0.733,0.474,0.682,0.528,0.769,0.675,0.419,0.0,0.638,0.672,0.588,0.646,0.357,0.738,0.63,0.721,0.771,0.799,0.781,1.0,0.776,0.898,0.87,0.813,0.861,0.565,0.521,0.825,0.641,0.663,0.73,0.692,0.644,0.707,0.597,0.773,0.823,0.665,0.775,0.789,0.638,0.796,0.356,0.607,0.851,0.707,0.585,0.758,0.479,0.615,0.452,0.6,0.43,0.545,0.761,0.46,0.597,0.584,0.45,0.688,0.577,0.609,0.552,0.755,0.772,0.757,0.8,0.805,0.61,0.871,0.527,0.515,0.408,0.727,0.778,0.468,0.396,0.641,0.789,0.574,0.564,0.574,0.653,0.628,0.307,0.527,0.41,0.79,0.634,0.336,0,0,0,0,0,0,0,0,0,0,0,0,0,0,0,0,0,0,0,0,0,0,0,0,0,0,0,0,0,0,0,0,0,0,0,0,0,
0,0.758,0.254,0.788,0.386,0.609,0.648,0.858,0.611,0.535,0.02,0.686,0.879,0.664,0.325,0.454,0.911,0.442,0.733,0.836,0.418,0.903,0.776,1.0,0.64,0.55,0.51,0.855,0.658,0.429,0.869,0.48,0.214,0.667,0.7,0.566,0.412,0.402,0.656,0.72,0.351,0.376,0.438,0.531,0.439,0.221,0.159,0.774,0.317,0.111,0.41,0.467,0.674,0.234,0.563,0.691,0.337,0.454,0.254,0.134,0.627,0.594,0.95,0.249,0.301,0.487,0.839,0.967,0.317,0.715,0.489,0.382,0.806,0.41,0.536,0.433,0.349,0.472,0.275,0.252,0.282,0.382,0.099,0.334,0.118,0.264,0.202,0.238,0.554,0.531,0.435,0.229,0.273,0,0,0,0,0,0,0,0,0,0,0,0,0,0,0,0,0,0,0,0,0,0,0,0,0,0,0,0,0,0,0,0,0,0,0,0,0,
0,0.718,0.788,0.757,0.535,0.645,0.539,0.638,0.51,0.561,0.031,0.599,0.475,0.424,0.6,0.296,0.645,0.586,0.61,0.745,0.851,0.625,0.898,0.64,1.0,0.86,0.864,0.688,0.419,0.402,0.701,0.615,0.711,0.637,0.73,0.535,0.782,0.621,0.727,0.812,0.714,0.813,0.771,0.672,0.745,0.261,0.713,0.756,0.809,0.666,0.811,0.442,0.397,0.4,0.414,0.36,0.502,0.714,0.436,0.641,0.402,0.354,0.496,0.653,0.576,0.495,0.58,0.649,0.745,0.724,0.835,0.649,0.759,0.627,0.382,0.282,0.718,0.686,0.429,0.32,0.647,0.774,0.623,0.71,0.649,0.664,0.663,0.354,0.418,0.347,0.754,0.628,0.304,0,0,0,0,0,0,0,0,0,0,0,0,0,0,0,0,0,0,0,0,0,0,0,0,0,0,0,0,0,0,0,0,0,0,0,0,0,
0,0.783,0.884,0.663,0.455,0.641,0.558,0.497,0.498,0.238,0.056,0.308,0.347,0.383,0.79,0.343,0.614,0.472,0.466,0.605,0.938,0.51,0.87,0.55,0.86,1.0,0.903,0.614,0.285,0.483,0.675,0.754,0.655,0.702,0.419,0.445,0.68,0.372,0.639,0.764,0.448,0.783,0.902,0.655,0.673,0.186,0.869,0.573,0.879,0.85,0.782,0.402,0.425,0.496,0.471,0.372,0.305,0.8,0.498,0.86,0.442,0.337,0.464,0.573,0.664,0.539,0.536,0.56,0.91,0.619,0.868,0.393,0.628,0.464,0.316,0.288,0.807,0.669,0.442,0.366,0.775,0.91,0.85,0.607,0.851,0.8,0.865,0.307,0.335,0.231,0.897,0.819,0.298,0,0,0,0,0,0,0,0,0,0,0,0,0,0,0,0,0,0,0,0,0,0,0,0,0,0,0,0,0,0,0,0,0,0,0,0,0,
0,0.728,0.818,0.711,0.338,0.759,0.413,0.514,0.52,0.432,0.021,0.444,0.424,0.399,0.795,0.381,0.489,0.253,0.574,0.574,0.906,0.569,0.813,0.51,0.864,0.903,1.0,0.68,0.39,0.491,0.694,0.789,0.528,0.774,0.617,0.334,0.495,0.243,0.422,0.757,0.391,0.748,0.957,0.682,0.491,0.093,0.907,0.658,0.954,0.884,0.802,0.438,0.466,0.507,0.5,0.312,0.11,0.874,0.555,0.873,0.42,0.417,0.379,0.555,0.6,0.373,0.574,0.544,0.909,0.775,0.915,0.356,0.528,0.629,0.33,0.303,0.741,0.584,0.383,0.296,0.751,0.928,0.858,0.76,0.874,0.832,0.892,0.401,0.426,0.316,0.955,0.838,0.369,0,0,0,0,0,0,0,0,0,0,0,0,0,0,0,0,0,0,0,0,0,0,0,0,0,0,0,0,0,0,0,0,0,0,0,0,0,
0,0.742,0.411,0.772,0.453,0.733,0.528,0.856,0.857,0.613,0.1,0.782,0.845,0.756,0.606,0.504,0.763,0.453,0.937,0.742,0.506,0.953,0.861,0.855,0.688,0.614,0.68,1.0,0.867,0.685,0.948,0.602,0.372,0.772,0.818,0.662,0.356,0.397,0.524,0.813,0.487,0.598,0.664,0.702,0.521,0.403,0.352,0.904,0.514,0.327,0.651,0.669,0.844,0.511,0.814,0.512,0.345,0.758,0.54,0.362,0.795,0.675,0.801,0.492,0.546,0.543,0.933,0.859,0.554,0.936,0.709,0.517,0.857,0.67,0.728,0.606,0.605,0.702,0.509,0.478,0.542,0.639,0.305,0.577,0.31,0.547,0.425,0.407,0.795,0.66,0.642,0.527,0.512,0,0,0,0,0,0,0,0,0,0,0,0,0,0,0,0,0,0,0,0,0,0,0,0,0,0,0,0,0,0,0,0,0,0,0,0,0,
0,0.468,0.197,0.615,0.587,0.507,0.548,0.703,0.916,0.737,0.313,0.73,0.658,0.729,0.512,0.441,0.631,0.383,0.963,0.518,0.141,0.861,0.565,0.658,0.419,0.285,0.39,0.867,1.0,0.791,0.854,0.369,0.209,0.517,0.728,0.676,0.11,0.267,0.251,0.69,0.396,0.45,0.391,0.747,0.307,0.549,0.072,0.725,0.253,0.039,0.549,0.837,0.837,0.585,0.885,0.365,0.263,0.64,0.6,0.095,0.896,0.641,0.679,0.531,0.54,0.59,0.871,0.7,0.281,0.84,0.535,0.488,0.763,0.778,0.874,0.742,0.526,0.639,0.628,0.638,0.471,0.406,0.0,0.577,0.007,0.412,0.161,0.507,0.955,0.789,0.327,0.395,0.653,0,0,0,0,0,0,0,0,0,0,0,0,0,0,0,0,0,0,0,0,0,0,0,0,0,0,0,0,0,0,0,0,0,0,0,0,0,
0,0.515,0.461,0.53,0.681,0.401,0.545,0.536,0.945,0.442,0.264,0.289,0.254,0.489,0.81,0.496,0.594,0.473,0.783,0.43,0.352,0.612,0.521,0.429,0.402,0.483,0.491,0.685,0.791,1.0,0.731,0.524,0.431,0.561,0.411,0.784,0.238,0.198,0.226,0.753,0.33,0.664,0.589,0.765,0.358,0.724,0.368,0.472,0.418,0.341,0.735,0.766,0.882,0.907,0.925,0.3,0.241,0.817,0.886,0.458,0.861,0.608,0.468,0.73,0.859,0.671,0.791,0.467,0.484,0.747,0.752,0.501,0.645,0.773,0.898,0.888,0.779,0.799,0.674,0.691,0.806,0.639,0.333,0.719,0.344,0.76,0.519,0.757,0.904,0.529,0.506,0.724,0.86,0,0,0,0,0,0,0,0,0,0,0,0,0,0,0,0,0,0,0,0,0,0,0,0,0,0,0,0,0,0,0,0,0,0,0,0,0,
0,0.764,0.49,0.815,0.606,0.722,0.758,0.764,0.85,0.656,0.223,0.693,0.749,0.731,0.68,0.539,0.846,0.423,0.901,0.751,0.52,0.934,0.825,0.869,0.701,0.675,0.694,0.948,0.854,0.731,1.0,0.657,0.338,0.769,0.74,0.65,0.365,0.311,0.529,0.88,0.399,0.609,0.656,0.839,0.468,0.391,0.405,0.789,0.558,0.363,0.692,0.769,0.808,0.572,0.839,0.608,0.267,0.78,0.598,0.401,0.863,0.684,0.845,0.535,0.619,0.678,0.919,0.893,0.57,0.888,0.73,0.451,0.848,0.717,0.756,0.648,0.663,0.69,0.586,0.563,0.628,0.655,0.338,0.64,0.343,0.586,0.459,0.451,0.818,0.697,0.625,0.591,0.568,0,0,0,0,0,0,0,0,0,0,0,0,0,0,0,0,0,0,0,0,0,0,0,0,0,0,0,0,0,0,0,0,0,0,0,0,0,
0,0.836,0.776,0.556,0.434,0.888,0.432,0.378,0.52,0.314,0.278,0.259,0.349,0.527,0.827,0.818,0.461,0.252,0.485,0.69,0.782,0.416,0.641,0.48,0.615,0.754,0.789,0.602,0.369,0.524,0.657,1.0,0.507,0.916,0.428,0.347,0.428,0.255,0.476,0.675,0.243,0.648,0.762,0.661,0.448,0.156,0.723,0.436,0.713,0.713,0.624,0.523,0.526,0.526,0.611,0.689,0.117,0.747,0.546,0.737,0.524,0.758,0.312,0.561,0.591,0.609,0.477,0.409,0.808,0.582,0.754,0.333,0.46,0.472,0.334,0.325,0.73,0.557,0.566,0.503,0.691,0.835,0.718,0.548,0.734,0.713,0.784,0.384,0.442,0.482,0.788,0.775,0.453,0,0,0,0,0,0,0,0,0,0,0,0,0,0,0,0,0,0,0,0,0,0,0,0,0,0,0,0,0,0,0,0,0,0,0,0,0,
0,0.513,0.791,0.297,0.625,0.369,0.254,0.359,0.462,0.191,0.139,0.208,0.017,0.265,0.594,0.327,0.332,0.831,0.356,0.56,0.721,0.188,0.663,0.214,0.711,0.655,0.528,0.372,0.209,0.431,0.338,0.507,1.0,0.422,0.326,0.673,0.898,0.829,0.744,0.572,0.839,0.867,0.542,0.453,0.925,0.596,0.556,0.421,0.525,0.544,0.723,0.332,0.307,0.525,0.381,0.194,0.803,0.557,0.479,0.575,0.31,0.278,0.08,0.84,0.707,0.601,0.282,0.156,0.645,0.384,0.687,0.844,0.64,0.403,0.359,0.301,0.8,0.831,0.593,0.503,0.671,0.685,0.541,0.498,0.554,0.641,0.592,0.401,0.316,0.186,0.535,0.605,0.372,0,0,0,0,0,0,0,0,0,0,0,0,0,0,0,0,0,0,0,0,0,0,0,0,0,0,0,0,0,0,0,0,0,0,0,0,0,
0,0.863,0.592,0.697,0.322,0.9,0.407,0.552,0.618,0.337,0.0,0.426,0.574,0.504,0.726,0.804,0.62,0.282,0.62,0.8,0.689,0.642,0.73,0.667,0.637,0.702,0.774,0.772,0.517,0.561,0.769,0.916,0.422,1.0,0.617,0.478,0.375,0.288,0.529,0.788,0.321,0.658,0.748,0.586,0.427,0.251,0.598,0.623,0.662,0.585,0.656,0.449,0.709,0.519,0.655,0.761,0.183,0.759,0.594,0.613,0.545,0.843,0.51,0.449,0.566,0.482,0.668,0.589,0.678,0.735,0.733,0.416,0.571,0.527,0.483,0.451,0.616,0.59,0.396,0.331,0.633,0.75,0.577,0.581,0.589,0.673,0.673,0.386,0.527,0.429,0.745,0.668,0.552,0,0,0,0,0,0,0,0,0,0,0,0,0,0,0,0,0,0,0,0,0,0,0,0,0,0,0,0,0,0,0,0,0,0,0,0,0,
0,0.601,0.333,0.814,0.336,0.703,0.348,0.75,0.601,0.802,0.022,0.918,0.752,0.569,0.335,0.408,0.593,0.377,0.83,0.684,0.387,0.805,0.692,0.7,0.73,0.419,0.617,0.818,0.728,0.411,0.74,0.428,0.326,0.617,1.0,0.475,0.32,0.479,0.436,0.708,0.617,0.531,0.523,0.583,0.41,0.224,0.285,0.909,0.508,0.245,0.593,0.53,0.559,0.245,0.491,0.395,0.332,0.561,0.359,0.204,0.466,0.587,0.55,0.414,0.302,0.307,0.688,0.685,0.374,0.833,0.58,0.583,0.71,0.754,0.51,0.333,0.41,0.483,0.335,0.246,0.326,0.451,0.164,0.635,0.196,0.36,0.252,0.264,0.607,0.584,0.446,0.298,0.377,0,0,0,0,0,0,0,0,0,0,0,0,0,0,0,0,0,0,0,0,0,0,0,0,0,0,0,0,0,0,0,0,0,0,0,0,0,
0,0.503,0.378,0.49,0.718,0.262,0.511,0.649,0.837,0.361,0.019,0.356,0.32,0.387,0.532,0.398,0.717,0.832,0.699,0.676,0.354,0.621,0.644,0.566,0.535,0.445,0.334,0.662,0.676,0.784,0.65,0.347,0.673,0.478,0.475,1.0,0.623,0.664,0.65,0.77,0.698,0.745,0.378,0.546,0.689,0.909,0.162,0.553,0.231,0.122,0.702,0.525,0.796,0.741,0.732,0.392,0.742,0.591,0.712,0.228,0.693,0.52,0.565,0.743,0.792,0.656,0.754,0.541,0.292,0.642,0.623,0.846,0.841,0.587,0.87,0.819,0.662,0.904,0.539,0.522,0.645,0.455,0.115,0.563,0.13,0.564,0.298,0.664,0.749,0.354,0.321,0.451,0.742,0,0,0,0,0,0,0,0,0,0,0,0,0,0,0,0,0,0,0,0,0,0,0,0,0,0,0,0,0,0,0,0,0,0,0,0,0,
0,0.524,0.698,0.345,0.595,0.301,0.4,0.426,0.317,0.202,0.034,0.217,0.138,0.232,0.409,0.218,0.485,0.812,0.271,0.688,0.736,0.259,0.707,0.412,0.782,0.68,0.495,0.356,0.11,0.238,0.365,0.428,0.898,0.375,0.32,0.623,1.0,0.85,0.889,0.565,0.777,0.744,0.429,0.378,0.913,0.462,0.468,0.409,0.448,0.43,0.602,0.2,0.205,0.343,0.23,0.314,0.817,0.397,0.284,0.446,0.231,0.172,0.29,0.687,0.553,0.551,0.301,0.361,0.527,0.324,0.587,0.769,0.67,0.242,0.259,0.212,0.627,0.706,0.411,0.324,0.516,0.547,0.433,0.377,0.455,0.472,0.471,0.324,0.184,0.111,0.47,0.422,0.189,0,0,0,0,0,0,0,0,0,0,0,0,0,0,0,0,0,0,0,0,0,0,0,0,0,0,0,0,0,0,0,0,0,0,0,0,0,
0,0.467,0.448,0.325,0.527,0.307,0.207,0.521,0.358,0.317,0.101,0.458,0.277,0.37,0.178,0.3,0.424,0.9,0.387,0.667,0.426,0.292,0.597,0.402,0.621,0.372,0.243,0.397,0.267,0.198,0.311,0.255,0.829,0.288,0.479,0.664,0.85,1.0,0.848,0.446,0.912,0.611,0.203,0.265,0.893,0.523,0.118,0.538,0.176,0.095,0.441,0.247,0.246,0.173,0.229,0.305,0.95,0.213,0.146,0.097,0.23,0.305,0.247,0.608,0.364,0.514,0.282,0.29,0.271,0.299,0.373,0.888,0.725,0.266,0.299,0.155,0.476,0.65,0.445,0.355,0.257,0.309,0.077,0.226,0.1,0.204,0.129,0.164,0.249,0.278,0.188,0.139,0.158,0,0,0,0,0,0,0,0,0,0,0,0,0,0,0,0,0,0,0,0,0,0,0,0,0,0,0,0,0,0,0,0,0,0,0,0,0,
0,0.68,0.552,0.492,0.529,0.46,0.497,0.543,0.375,0.204,0.0,0.395,0.422,0.382,0.323,0.401,0.681,0.811,0.375,0.834,0.609,0.46,0.773,0.656,0.727,0.639,0.422,0.524,0.251,0.226,0.529,0.476,0.744,0.529,0.436,0.65,0.889,0.848,1.0,0.634,0.746,0.654,0.363,0.367,0.882,0.419,0.293,0.545,0.346,0.263,0.513,0.239,0.338,0.218,0.303,0.6,0.825,0.339,0.207,0.271,0.331,0.398,0.535,0.5,0.444,0.601,0.426,0.552,0.423,0.363,0.462,0.726,0.785,0.2,0.321,0.212,0.521,0.661,0.385,0.302,0.386,0.445,0.265,0.242,0.269,0.318,0.301,0.124,0.23,0.23,0.376,0.281,0.182,0,0,0,0,0,0,0,0,0,0,0,0,0,0,0,0,0,0,0,0,0,0,0,0,0,0,0,0,0,0,0,0,0,0,0,0,0,
0,0.749,0.647,0.836,0.664,0.648,0.723,0.632,0.794,0.54,0.004,0.525,0.479,0.42,0.747,0.527,0.832,0.568,0.771,0.787,0.642,0.784,0.823,0.72,0.812,0.764,0.757,0.813,0.69,0.753,0.88,0.675,0.572,0.788,0.708,0.77,0.565,0.446,0.634,1.0,0.594,0.858,0.729,0.799,0.58,0.564,0.577,0.703,0.701,0.526,0.907,0.621,0.756,0.71,0.729,0.583,0.425,0.847,0.783,0.566,0.687,0.649,0.658,0.684,0.805,0.638,0.811,0.726,0.613,0.836,0.847,0.664,0.817,0.8,0.766,0.692,0.769,0.815,0.515,0.449,0.812,0.735,0.485,0.834,0.497,0.772,0.613,0.567,0.725,0.426,0.65,0.709,0.737,0,0,0,0,0,0,0,0,0,0,0,0,0,0,0,0,0,0,0,0,0,0,0,0,0,0,0,0,0,0,0,0,0,0,0,0,0,
0,0.417,0.519,0.442,0.542,0.334,0.241,0.488,0.473,0.398,0.0,0.562,0.26,0.284,0.309,0.198,0.416,0.851,0.508,0.578,0.454,0.397,0.665,0.351,0.714,0.448,0.391,0.487,0.396,0.33,0.399,0.243,0.839,0.321,0.617,0.698,0.777,0.912,0.746,0.594,1.0,0.772,0.369,0.398,0.867,0.595,0.28,0.647,0.389,0.259,0.669,0.331,0.315,0.321,0.311,0.164,0.891,0.422,0.356,0.245,0.278,0.271,0.224,0.681,0.514,0.46,0.362,0.299,0.379,0.468,0.515,0.933,0.754,0.513,0.435,0.267,0.587,0.748,0.466,0.358,0.44,0.438,0.209,0.483,0.217,0.395,0.255,0.223,0.373,0.252,0.296,0.313,0.335,0,0,0,0,0,0,0,0,0,0,0,0,0,0,0,0,0,0,0,0,0,0,0,0,0,0,0,0,0,0,0,0,0,0,0,0,0,
0,0.611,0.82,0.57,0.652,0.533,0.457,0.422,0.67,0.332,0.0,0.329,0.158,0.249,0.795,0.413,0.524,0.684,0.57,0.634,0.764,0.465,0.775,0.376,0.813,0.783,0.748,0.598,0.45,0.664,0.609,0.648,0.867,0.658,0.531,0.745,0.744,0.611,0.654,0.858,0.772,1.0,0.755,0.673,0.777,0.648,0.721,0.563,0.759,0.695,0.964,0.479,0.556,0.746,0.593,0.32,0.605,0.84,0.784,0.729,0.49,0.454,0.276,0.85,0.888,0.596,0.542,0.371,0.742,0.67,0.877,0.806,0.706,0.7,0.611,0.556,0.887,0.91,0.575,0.482,0.895,0.833,0.664,0.813,0.669,0.871,0.751,0.558,0.552,0.237,0.698,0.813,0.675,0,0,0,0,0,0,0,0,0,0,0,0,0,0,0,0,0,0,0,0,0,0,0,0,0,0,0,0,0,0,0,0,0,0,0,0,0,
0,0.739,0.812,0.687,0.295,0.709,0.34,0.517,0.579,0.3,0.012,0.374,0.368,0.389,0.847,0.378,0.475,0.304,0.569,0.468,0.864,0.529,0.789,0.438,0.771,0.902,0.957,0.664,0.391,0.589,0.656,0.762,0.542,0.748,0.523,0.378,0.429,0.203,0.363,0.729,0.369,0.755,1.0,0.643,0.49,0.153,0.902,0.644,0.933,0.899,0.803,0.434,0.535,0.563,0.544,0.229,0.105,0.905,0.604,0.911,0.442,0.416,0.335,0.544,0.648,0.375,0.577,0.46,0.928,0.749,0.923,0.327,0.515,0.613,0.359,0.339,0.792,0.623,0.404,0.33,0.789,0.954,0.884,0.72,0.891,0.88,0.92,0.378,0.435,0.267,0.959,0.884,0.406,0,0,0,0,0,0,0,0,0,0,0,0,0,0,0,0,0,0,0,0,0,0,0,0,0,0,0,0,0,0,0,0,0,0,0,0,0,
0,0.617,0.701,0.675,0.827,0.632,0.805,0.479,0.779,0.742,0.551,0.525,0.353,0.648,0.806,0.497,0.614,0.4,0.783,0.538,0.533,0.643,0.638,0.531,0.672,0.655,0.682,0.702,0.747,0.765,0.839,0.661,0.453,0.586,0.583,0.546,0.378,0.265,0.367,0.799,0.398,0.673,0.643,1.0,0.441,0.395,0.544,0.552,0.644,0.496,0.765,0.927,0.584,0.672,0.797,0.416,0.198,0.804,0.673,0.523,0.833,0.56,0.505,0.763,0.73,0.817,0.668,0.592,0.658,0.732,0.776,0.449,0.704,0.844,0.682,0.581,0.832,0.688,0.826,0.795,0.767,0.724,0.455,0.772,0.468,0.684,0.557,0.535,0.803,0.756,0.587,0.739,0.605,0,0,0,0,0,0,0,0,0,0,0,0,0,0,0,0,0,0,0,0,0,0,0,0,0,0,0,0,0,0,0,0,0,0,0,0,0,
0,0.579,0.691,0.368,0.592,0.408,0.347,0.519,0.489,0.22,0.137,0.4,0.288,0.436,0.481,0.278,0.479,0.884,0.447,0.646,0.678,0.377,0.796,0.439,0.745,0.673,0.491,0.521,0.307,0.358,0.468,0.448,0.925,0.427,0.41,0.689,0.913,0.893,0.882,0.58,0.867,0.777,0.49,0.441,1.0,0.533,0.422,0.58,0.443,0.413,0.63,0.354,0.341,0.37,0.401,0.276,0.883,0.488,0.316,0.431,0.393,0.27,0.333,0.711,0.588,0.635,0.396,0.379,0.599,0.426,0.597,0.813,0.794,0.31,0.368,0.251,0.719,0.814,0.578,0.498,0.533,0.612,0.416,0.341,0.414,0.485,0.446,0.222,0.326,0.283,0.501,0.468,0.223,0,0,0,0,0,0,0,0,0,0,0,0,0,0,0,0,0,0,0,0,0,0,0,0,0,0,0,0,0,0,0,0,0,0,0,0,0,
0,0.162,0.222,0.153,0.668,0.0,0.334,0.319,0.719,0.184,0.0,0.095,0.0,0.143,0.442,0.253,0.409,0.688,0.497,0.406,0.132,0.354,0.356,0.221,0.261,0.186,0.093,0.403,0.549,0.724,0.391,0.156,0.596,0.251,0.224,0.909,0.462,0.523,0.419,0.564,0.595,0.648,0.153,0.395,0.533,1.0,0.028,0.251,0.046,0.0,0.597,0.418,0.656,0.784,0.648,0.183,0.677,0.463,0.742,0.12,0.579,0.352,0.274,0.717,0.784,0.537,0.532,0.226,0.115,0.433,0.437,0.785,0.598,0.485,0.84,0.833,0.548,0.825,0.492,0.501,0.6,0.287,0.0,0.488,0.0,0.492,0.177,0.696,0.68,0.197,0.112,0.38,0.797,0,0,0,0,0,0,0,0,0,0,0,0,0,0,0,0,0,0,0,0,0,0,0,0,0,0,0,0,0,0,0,0,0,0,0,0,0,
0,0.547,0.884,0.463,0.267,0.568,0.283,0.165,0.293,0.146,0.009,0.094,0.032,0.113,0.794,0.25,0.228,0.159,0.251,0.317,0.899,0.209,0.607,0.159,0.713,0.869,0.907,0.352,0.072,0.368,0.405,0.723,0.556,0.598,0.285,0.162,0.468,0.118,0.293,0.577,0.28,0.721,0.902,0.544,0.422,0.028,1.0,0.335,0.959,0.994,0.748,0.261,0.21,0.489,0.299,0.127,0.022,0.785,0.525,0.98,0.196,0.199,0.048,0.525,0.602,0.286,0.257,0.2,0.922,0.489,0.829,0.227,0.263,0.465,0.12,0.15,0.731,0.485,0.322,0.235,0.779,0.908,0.982,0.68,0.986,0.855,0.965,0.324,0.179,0.054,0.9,0.883,0.293,0,0,0,0,0,0,0,0,0,0,0,0,0,0,0,0,0,0,0,0,0,0,0,0,0,0,0,0,0,0,0,0,0,0,0,0,0,
0,0.704,0.399,0.81,0.3,0.685,0.337,0.884,0.68,0.629,0.009,0.908,0.841,0.678,0.409,0.339,0.672,0.524,0.857,0.663,0.492,0.862,0.851,0.774,0.756,0.573,0.658,0.904,0.725,0.472,0.789,0.436,0.421,0.623,0.909,0.553,0.409,0.538,0.545,0.703,0.647,0.563,0.644,0.552,0.58,0.251,0.335,1.0,0.532,0.318,0.595,0.513,0.637,0.256,0.553,0.324,0.432,0.618,0.32,0.301,0.539,0.514,0.664,0.402,0.35,0.366,0.771,0.755,0.51,0.851,0.637,0.562,0.827,0.633,0.51,0.331,0.509,0.589,0.375,0.302,0.368,0.56,0.27,0.511,0.283,0.415,0.337,0.18,0.588,0.55,0.574,0.371,0.278,0,0,0,0,0,0,0,0,0,0,0,0,0,0,0,0,0,0,0,0,0,0,0,0,0,0,0,0,0,0,0,0,0,0,0,0,0,
0,0.622,0.855,0.65,0.307,0.67,0.38,0.306,0.396,0.328,0.0,0.339,0.222,0.218,0.773,0.281,0.368,0.207,0.427,0.41,0.86,0.406,0.707,0.317,0.809,0.879,0.954,0.514,0.253,0.418,0.558,0.713,0.525,0.662,0.508,0.231,0.448,0.176,0.346,0.701,0.389,0.759,0.933,0.644,0.443,0.046,0.959,0.532,1.0,0.945,0.819,0.372,0.302,0.465,0.368,0.195,0.065,0.835,0.546,0.912,0.284,0.294,0.198,0.522,0.593,0.316,0.392,0.361,0.902,0.633,0.857,0.304,0.407,0.62,0.229,0.193,0.737,0.522,0.352,0.251,0.767,0.902,0.906,0.767,0.909,0.834,0.898,0.285,0.298,0.181,0.888,0.849,0.342,0,0,0,0,0,0,0,0,0,0,0,0,0,0,0,0,0,0,0,0,0,0,0,0,0,0,0,0,0,0,0,0,0,0,0,0,0,
0,0.529,0.869,0.417,0.207,0.564,0.215,0.131,0.266,0.079,0.0,0.072,0.017,0.104,0.784,0.24,0.171,0.134,0.216,0.266,0.882,0.169,0.585,0.111,0.666,0.85,0.884,0.327,0.039,0.341,0.363,0.713,0.544,0.585,0.245,0.122,0.43,0.095,0.263,0.526,0.259,0.695,0.899,0.496,0.413,0.0,0.994,0.318,0.945,1.0,0.713,0.227,0.188,0.459,0.278,0.092,0.005,0.767,0.494,0.984,0.165,0.181,0.0,0.486,0.573,0.252,0.215,0.145,0.928,0.453,0.796,0.191,0.224,0.416,0.077,0.106,0.715,0.461,0.308,0.222,0.754,0.903,0.992,0.627,0.99,0.838,0.962,0.265,0.139,0.028,0.897,0.876,0.256,0,0,0,0,0,0,0,0,0,0,0,0,0,0,0,0,0,0,0,0,0,0,0,0,0,0,0,0,0,0,0,0,0,0,0,0,0,
0,0.582,0.78,0.661,0.645,0.536,0.54,0.438,0.724,0.439,0.0,0.386,0.204,0.252,0.829,0.359,0.564,0.554,0.651,0.572,0.719,0.564,0.758,0.41,0.811,0.782,0.802,0.651,0.549,0.735,0.692,0.624,0.723,0.656,0.593,0.702,0.602,0.441,0.513,0.907,0.669,0.964,0.803,0.765,0.63,0.597,0.748,0.595,0.819,0.713,1.0,0.559,0.606,0.789,0.648,0.278,0.433,0.912,0.85,0.744,0.557,0.444,0.346,0.81,0.896,0.555,0.627,0.452,0.738,0.766,0.914,0.701,0.685,0.822,0.679,0.627,0.873,0.863,0.55,0.469,0.928,0.841,0.668,0.919,0.673,0.91,0.764,0.607,0.642,0.283,0.725,0.852,0.736,0,0,0,0,0,0,0,0,0,0,0,0,0,0,0,0,0,0,0,0,0,0,0,0,0,0,0,0,0,0,0,0,0,0,0,0,0,
0,0.511,0.494,0.536,0.804,0.553,0.694,0.484,0.806,0.765,0.723,0.565,0.38,0.782,0.671,0.522,0.513,0.387,0.817,0.424,0.274,0.602,0.479,0.467,0.442,0.402,0.438,0.669,0.837,0.766,0.769,0.523,0.332,0.449,0.53,0.525,0.2,0.247,0.239,0.621,0.331,0.479,0.434,0.927,0.354,0.418,0.261,0.513,0.372,0.227,0.559,1.0,0.6,0.588,0.839,0.36,0.19,0.646,0.557,0.267,0.898,0.593,0.465,0.695,0.596,0.837,0.633,0.507,0.469,0.647,0.584,0.401,0.672,0.775,0.701,0.569,0.721,0.609,0.9,0.903,0.579,0.536,0.192,0.581,0.204,0.476,0.309,0.463,0.861,0.906,0.373,0.553,0.552,0,0,0,0,0,0,0,0,0,0,0,0,0,0,0,0,0,0,0,0,0,0,0,0,0,0,0,0,0,0,0,0,0,0,0,0,0,
0,0.609,0.25,0.601,0.456,0.505,0.436,0.73,0.929,0.401,0.012,0.436,0.577,0.555,0.639,0.572,0.71,0.434,0.839,0.619,0.311,0.797,0.615,0.674,0.397,0.425,0.466,0.844,0.837,0.882,0.808,0.526,0.307,0.709,0.559,0.796,0.205,0.246,0.338,0.756,0.315,0.556,0.535,0.584,0.341,0.656,0.21,0.637,0.302,0.188,0.606,0.6,1.0,0.747,0.899,0.489,0.277,0.725,0.753,0.3,0.819,0.736,0.68,0.511,0.681,0.513,0.926,0.664,0.363,0.832,0.653,0.496,0.703,0.634,0.885,0.866,0.569,0.727,0.45,0.466,0.609,0.526,0.189,0.57,0.2,0.604,0.386,0.657,0.866,0.5,0.488,0.532,0.78,0,0,0,0,0,0,0,0,0,0,0,0,0,0,0,0,0,0,0,0,0,0,0,0,0,0,0,0,0,0,0,0,0,0,0,0,0,
0,0.344,0.52,0.318,0.668,0.275,0.465,0.295,0.809,0.272,0.115,0.03,0.0,0.221,0.839,0.388,0.414,0.393,0.577,0.382,0.448,0.419,0.452,0.234,0.4,0.496,0.507,0.511,0.585,0.907,0.572,0.526,0.525,0.519,0.245,0.741,0.343,0.173,0.218,0.71,0.321,0.746,0.563,0.672,0.37,0.784,0.489,0.256,0.465,0.459,0.789,0.588,0.747,1.0,0.819,0.221,0.256,0.821,0.965,0.58,0.711,0.454,0.276,0.795,0.952,0.575,0.64,0.301,0.514,0.644,0.764,0.531,0.49,0.678,0.832,0.898,0.773,0.821,0.581,0.591,0.905,0.669,0.462,0.772,0.469,0.858,0.637,0.879,0.781,0.291,0.544,0.806,0.907,0,0,0,0,0,0,0,0,0,0,0,0,0,0,0,0,0,0,0,0,0,0,0,0,0,0,0,0,0,0,0,0,0,0,0,0,0,
0,0.56,0.421,0.495,0.675,0.548,0.574,0.589,0.963,0.514,0.369,0.431,0.466,0.694,0.786,0.583,0.594,0.41,0.86,0.54,0.361,0.723,0.6,0.563,0.414,0.471,0.5,0.814,0.885,0.925,0.839,0.611,0.381,0.655,0.491,0.732,0.23,0.229,0.303,0.729,0.311,0.593,0.544,0.797,0.401,0.648,0.299,0.553,0.368,0.278,0.648,0.839,0.899,0.819,1.0,0.44,0.255,0.795,0.779,0.38,0.964,0.696,0.589,0.687,0.773,0.736,0.847,0.595,0.507,0.798,0.691,0.475,0.712,0.699,0.889,0.845,0.734,0.785,0.75,0.774,0.717,0.631,0.28,0.609,0.28,0.657,0.452,0.673,0.949,0.712,0.53,0.67,0.77,0,0,0,0,0,0,0,0,0,0,0,0,0,0,0,0,0,0,0,0,0,0,0,0,0,0,0,0,0,0,0,0,0,0,0,0,0,
0,0.728,0.284,0.539,0.386,0.679,0.56,0.384,0.367,0.284,0.137,0.285,0.487,0.441,0.337,0.839,0.67,0.277,0.378,0.821,0.319,0.478,0.43,0.691,0.36,0.372,0.312,0.512,0.365,0.3,0.608,0.689,0.194,0.761,0.395,0.392,0.314,0.305,0.6,0.583,0.164,0.32,0.229,0.416,0.276,0.183,0.127,0.324,0.195,0.092,0.278,0.36,0.489,0.221,0.44,1.0,0.225,0.286,0.276,0.117,0.447,0.829,0.566,0.22,0.281,0.557,0.458,0.554,0.215,0.345,0.29,0.307,0.479,0.238,0.355,0.306,0.287,0.32,0.312,0.276,0.264,0.277,0.092,0.211,0.109,0.197,0.184,0.173,0.346,0.437,0.233,0.208,0.371,0,0,0,0,0,0,0,0,0,0,0,0,0,0,0,0,0,0,0,0,0,0,0,0,0,0,0,0,0,0,0,0,0,0,0,0,0,
0,0.32,0.342,0.196,0.536,0.116,0.221,0.426,0.384,0.155,0.0,0.327,0.181,0.245,0.15,0.168,0.407,0.918,0.331,0.568,0.313,0.269,0.545,0.337,0.502,0.305,0.11,0.345,0.263,0.241,0.267,0.117,0.803,0.183,0.332,0.742,0.817,0.95,0.825,0.425,0.891,0.605,0.105,0.198,0.883,0.677,0.022,0.432,0.065,0.005,0.433,0.19,0.277,0.256,0.255,0.225,1.0,0.186,0.214,0.034,0.257,0.196,0.262,0.583,0.438,0.497,0.287,0.252,0.173,0.237,0.296,0.885,0.712,0.195,0.395,0.274,0.443,0.702,0.406,0.343,0.285,0.229,0.0,0.175,0.002,0.197,0.059,0.19,0.265,0.153,0.092,0.116,0.236,0,0,0,0,0,0,0,0,0,0,0,0,0,0,0,0,0,0,0,0,0,0,0,0,0,0,0,0,0,0,0,0,0,0,0,0,0,
0,0.64,0.747,0.641,0.534,0.655,0.492,0.499,0.806,0.429,0.105,0.39,0.34,0.436,0.94,0.442,0.523,0.353,0.733,0.51,0.735,0.638,0.761,0.454,0.714,0.8,0.874,0.758,0.64,0.817,0.78,0.747,0.557,0.759,0.561,0.591,0.397,0.213,0.339,0.847,0.422,0.84,0.905,0.804,0.488,0.463,0.785,0.618,0.835,0.767,0.912,0.646,0.725,0.821,0.795,0.286,0.186,1.0,0.85,0.816,0.693,0.527,0.41,0.726,0.856,0.543,0.729,0.513,0.84,0.859,0.947,0.477,0.621,0.787,0.68,0.659,0.874,0.8,0.587,0.542,0.926,0.927,0.746,0.86,0.747,0.947,0.849,0.627,0.727,0.419,0.867,0.939,0.709,0,0,0,0,0,0,0,0,0,0,0,0,0,0,0,0,0,0,0,0,0,0,0,0,0,0,0,0,0,0,0,0,0,0,0,0,0,
0,0.38,0.51,0.436,0.599,0.355,0.457,0.278,0.789,0.302,0.0,0.11,0.039,0.149,0.822,0.429,0.444,0.345,0.595,0.407,0.43,0.465,0.46,0.254,0.436,0.498,0.555,0.54,0.6,0.886,0.598,0.546,0.479,0.594,0.359,0.712,0.284,0.146,0.207,0.783,0.356,0.784,0.604,0.673,0.316,0.742,0.525,0.32,0.546,0.494,0.85,0.557,0.753,0.965,0.779,0.276,0.214,0.85,1.0,0.592,0.649,0.524,0.27,0.735,0.93,0.499,0.639,0.309,0.502,0.686,0.77,0.542,0.477,0.764,0.83,0.87,0.741,0.786,0.504,0.49,0.907,0.667,0.475,0.853,0.478,0.871,0.639,0.812,0.764,0.251,0.539,0.801,0.958,0,0,0,0,0,0,0,0,0,0,0,0,0,0,0,0,0,0,0,0,0,0,0,0,0,0,0,0,0,0,0,0,0,0,0,0,0,
0,0.546,0.866,0.402,0.269,0.535,0.248,0.172,0.362,0.054,0.006,0.013,0.003,0.125,0.851,0.282,0.222,0.186,0.258,0.293,0.884,0.197,0.597,0.134,0.641,0.86,0.873,0.362,0.095,0.458,0.401,0.737,0.575,0.613,0.204,0.228,0.446,0.097,0.271,0.566,0.245,0.729,0.911,0.523,0.431,0.12,0.98,0.301,0.912,0.984,0.744,0.267,0.3,0.58,0.38,0.117,0.034,0.816,0.592,1.0,0.257,0.228,0.046,0.549,0.669,0.314,0.296,0.171,0.93,0.491,0.842,0.227,0.263,0.432,0.184,0.24,0.767,0.543,0.352,0.284,0.824,0.93,0.989,0.65,0.988,0.9,0.992,0.387,0.226,0.04,0.914,0.927,0.359,0,0,0,0,0,0,0,0,0,0,0,0,0,0,0,0,0,0,0,0,0,0,0,0,0,0,0,0,0,0,0,0,0,0,0,0,0,
0,0.537,0.376,0.501,0.743,0.49,0.706,0.605,0.924,0.583,0.495,0.481,0.508,0.769,0.694,0.51,0.652,0.425,0.856,0.525,0.289,0.748,0.584,0.627,0.402,0.442,0.42,0.795,0.896,0.861,0.863,0.524,0.31,0.545,0.466,0.693,0.231,0.23,0.331,0.687,0.278,0.49,0.442,0.833,0.393,0.579,0.196,0.539,0.284,0.165,0.557,0.898,0.819,0.711,0.964,0.447,0.257,0.693,0.649,0.257,1.0,0.622,0.684,0.637,0.685,0.806,0.834,0.673,0.434,0.734,0.6,0.411,0.754,0.652,0.856,0.782,0.683,0.718,0.786,0.822,0.62,0.535,0.167,0.515,0.166,0.523,0.323,0.579,0.932,0.794,0.43,0.562,0.65,0,0,0,0,0,0,0,0,0,0,0,0,0,0,0,0,0,0,0,0,0,0,0,0,0,0,0,0,0,0,0,0,0,0,0,0,0,
0,0.762,0.341,0.617,0.422,0.802,0.39,0.522,0.654,0.464,0.251,0.453,0.517,0.604,0.543,0.956,0.585,0.321,0.657,0.736,0.299,0.563,0.45,0.594,0.354,0.337,0.417,0.675,0.641,0.608,0.684,0.758,0.278,0.843,0.587,0.52,0.172,0.305,0.398,0.649,0.271,0.454,0.416,0.56,0.27,0.352,0.199,0.514,0.294,0.181,0.444,0.593,0.736,0.454,0.696,0.829,0.196,0.527,0.524,0.228,0.622,1.0,0.445,0.424,0.441,0.585,0.604,0.465,0.339,0.593,0.486,0.438,0.538,0.553,0.568,0.493,0.483,0.487,0.515,0.479,0.423,0.448,0.162,0.438,0.188,0.404,0.306,0.369,0.635,0.638,0.356,0.4,0.614,0,0,0,0,0,0,0,0,0,0,0,0,0,0,0,0,0,0,0,0,0,0,0,0,0,0,0,0,0,0,0,0,0,0,0,0,0,
0,0.593,0.118,0.681,0.387,0.405,0.705,0.783,0.628,0.448,0.004,0.583,0.814,0.596,0.282,0.277,0.896,0.374,0.698,0.676,0.269,0.902,0.688,0.95,0.496,0.464,0.379,0.801,0.679,0.468,0.845,0.312,0.08,0.51,0.55,0.565,0.29,0.247,0.535,0.658,0.224,0.276,0.335,0.505,0.333,0.274,0.048,0.664,0.198,0.0,0.346,0.465,0.68,0.276,0.589,0.566,0.262,0.41,0.27,0.046,0.684,0.445,1.0,0.177,0.311,0.46,0.857,0.97,0.208,0.66,0.396,0.263,0.761,0.353,0.606,0.525,0.283,0.441,0.238,0.255,0.266,0.278,0.0,0.27,0.003,0.217,0.106,0.253,0.586,0.472,0.334,0.185,0.29,0,0,0,0,0,0,0,0,0,0,0,0,0,0,0,0,0,0,0,0,0,0,0,0,0,0,0,0,0,0,0,0,0,0,0,0,0,
0,0.455,0.755,0.363,0.866,0.399,0.485,0.382,0.717,0.514,0.406,0.269,0.026,0.42,0.768,0.421,0.386,0.684,0.601,0.529,0.601,0.343,0.577,0.249,0.653,0.573,0.555,0.492,0.531,0.73,0.535,0.561,0.84,0.449,0.414,0.743,0.687,0.608,0.5,0.684,0.681,0.85,0.544,0.763,0.711,0.717,0.525,0.402,0.522,0.486,0.81,0.695,0.511,0.795,0.687,0.22,0.583,0.726,0.735,0.549,0.637,0.424,0.177,1.0,0.867,0.767,0.485,0.267,0.619,0.581,0.789,0.791,0.665,0.709,0.658,0.616,0.895,0.882,0.815,0.767,0.821,0.715,0.466,0.74,0.493,0.751,0.595,0.723,0.688,0.493,0.53,0.734,0.663,0,0,0,0,0,0,0,0,0,0,0,0,0,0,0,0,0,0,0,0,0,0,0,0,0,0,0,0,0,0,0,0,0,0,0,0,0,
0,0.468,0.694,0.414,0.752,0.355,0.56,0.326,0.789,0.268,0.125,0.11,0.026,0.245,0.877,0.395,0.504,0.569,0.573,0.486,0.596,0.439,0.609,0.301,0.576,0.664,0.6,0.546,0.54,0.859,0.619,0.591,0.707,0.566,0.302,0.792,0.553,0.364,0.444,0.805,0.514,0.888,0.648,0.73,0.588,0.784,0.602,0.35,0.593,0.573,0.896,0.596,0.681,0.952,0.773,0.281,0.438,0.856,0.93,0.669,0.685,0.441,0.311,0.867,1.0,0.681,0.613,0.346,0.639,0.636,0.83,0.654,0.623,0.686,0.785,0.802,0.887,0.916,0.653,0.629,0.965,0.767,0.569,0.79,0.568,0.899,0.707,0.761,0.714,0.282,0.612,0.858,0.842,0,0,0,0,0,0,0,0,0,0,0,0,0,0,0,0,0,0,0,0,0,0,0,0,0,0,0,0,0,0,0,0,0,0,0,0,0,
